39 43
45 48
31 30
10 3
28 18
13 12
27 5
17 23
9 10
42 6
30 42
20 25
41 0
23 39
41 31
11 48
27 1
37 6
14 22
14 37
12 10
12 36
24 30
7 43
30 37
37 9
19 41
13 21
1 16
0 7
8 28
38 40
32 6
30 23
22 37
37 30
16 44
18 32
39 18
26 37
3 27
0 14
24 1
42 26
46 47
41 29
37 2
4 6
21 32
30 19
17 4
42 23
15 25
31 43
10 39
34 48
22 38
0 7
22 12
40 9
25 26
24 24
1 3
15 11
24 45
14 17
21 16
41 4
39 15
48 24
14 3
23 4
48 8
34 9
2 36
2 44
0 28
18 34
25 48
33 42
22 39
29 46
8 21
48 46
34 36
19 0
11 33
29 39
24 23
32 18
14 23
6 22
10 13
39 11
2 36
1 48
11 9
40 10
38 13
21 34
39 41
42 33
9 6
10 13
34 15
46 48
10 36
32 15
20 42
15 46
27 41
35 18
23 38
40 4
12 2
16 47
47 36
9 46
27 29
9 19
33 14
44 41
26 25
19 20
7 45
43 49
33 0
33 49
21 15
45 10
34 22
38 22
24 3
19 0
26 29
36 40
1 43
17 45
7 3
47 14
33 45
11 47
25 3
31 7
27 16
47 21
22 6
47 15
16 14
14 12
13 36
27 26
13 36
47 25
15 4
23 8
16 26
16 0
22 16
24 27
7 14
34 28
25 0
25 30
9 14
6 18
19 2
45 23
4 34
1 10
29 11
31 1
34 32
18 9
19 29
28 22
20 1
43 30
43 29
24 20
10 22
47 26
31 47
31 18
45 37
40 24
9 40
34 0
28 47
46 22
24 27
14 4
35 9
41 1
6 11
48 12
15 21
5 39
20 22
2 46
30 48
24 40
18 14
35 9
1 46
9 47
