16 32
36 16
31 14
1 40
34 20
30 6
6 3
46 16
26 38
27 3
34 20
19 26
2 21
6 23
14 8
39 1
18 39
42 8
11 49
42 7
48 32
26 8
9 38
48 26
13 1
28 20
12 33
47 44
4 49
4 39
41 14
36 3
45 25
30 22
33 26
31 22
13 20
25 5
18 31
44 3
41 41
11 0
18 44
28 46
21 1
48 6
10 9
28 0
7 18
9 17
11 46
48 17
8 15
35 40
29 44
31 48
2 19
13 11
47 36
7 22
23 19
40 29
7 6
2 15
4 34
37 33
26 0
45 8
8 0
26 42
37 28
21 1
46 19
19 36
1 41
4 35
15 15
28 43
35 3
15 29
46 31
37 32
47 2
23 25
11 2
23 48
37 36
6 8
0 4
14 11
15 36
41 20
15 37
38 30
40 15
8 9
38 34
42 20
4 34
25 21
7 36
36 32
8 17
30 20
29 27
29 21
34 23
28 37
3 32
17 15
36 30
33 5
29 39
31 39
6 0
22 29
8 26
25 18
40 48
32 23
41 0
5 48
19 15
26 6
43 36
15 20
1 1
13 22
30 25
4 39
36 30
7 16
33 37
12 25
3 11
15 16
30 6
25 24
35 3
40 18
33 29
18 34
43 49
26 13
27 14
20 2
6 11
25 43
40 32
13 4
28 41
45 43
10 18
8 12
45 41
9 46
17 14
9 41
24 38
47 36
42 9
5 12
27 7
33 17
14 26
44 23
31 29
46 13
20 46
23 8
16 30
35 41
34 5
26 47
2 7
28 14
5 27
8 10
24 8
27 17
46 25
43 29
26 33
25 22
8 23
47 41
48 43
24 13
4 11
11 12
14 4
27 13
9 6
24 10
34 10
1 10
0 21
23 39
42 0
12 16
16 42
0 2
41 14
24 21
22 14
47 41
