38 33
14 41
35 48
18 44
16 26
18 47
11 47
28 14
38 18
27 14
27 22
42 27
41 18
13 18
38 49
26 20
23 10
13 30
26 39
29 4
18 42
38 1
25 0
24 22
47 37
18 43
17 33
38 5
6 6
17 27
25 9
38 13
29 8
2 34
28 48
12 2
9 30
38 20
22 14
23 31
17 16
10 44
9 43
24 16
20 15
32 48
29 17
7 4
20 11
39 5
7 30
34 48
35 0
8 17
6 7
28 42
14 11
30 46
6 37
22 3
40 10
25 36
42 46
32 0
45 0
45 7
7 29
6 23
18 15
24 0
14 14
4 44
29 8
37 46
47 19
16 47
29 49
23 4
13 25
21 12
41 31
24 5
45 12
2 8
36 46
19 35
46 10
26 2
1 49
6 15
8 26
11 22
22 38
43 12
30 17
38 46
33 5
33 24
12 46
1 37
13 15
33 27
14 14
4 48
48 45
13 29
22 39
48 26
19 17
18 32
15 31
21 3
19 14
7 10
0 38
19 31
40 42
30 36
34 45
23 37
15 8
30 23
24 48
27 27
5 15
33 44
11 46
15 17
35 38
31 4
47 40
3 45
29 34
4 45
18 39
5 21
22 1
7 35
14 4
5 45
6 16
33 13
5 26
25 16
0 20
35 40
40 8
16 2
22 6
47 23
17 33
40 33
38 41
33 43
44 29
0 41
15 6
23 21
48 36
34 3
23 13
6 49
12 41
43 9
5 4
7 35
3 20
20 0
9 41
16 6
11 21
37 15
31 27
43 13
13 38
11 42
19 11
40 8
7 42
33 10
34 6
23 13
25 7
18 22
40 37
31 18
40 46
6 30
31 31
24 19
1 39
33 3
3 40
38 13
15 46
17 17
12 23
9 31
14 26
26 45
15 48
4 19
35 6
22 34
20 21
29 39
