16 36
4 1
36 16
6 37
24 25
47 14
35 43
14 41
37 19
8 3
2 42
18 3
4 40
4 11
1 44
27 5
4 9
0 46
19 21
33 24
24 6
41 2
23 22
10 43
4 2
38 29
37 33
18 48
30 39
25 18
38 35
10 3
45 20
2 8
30 38
2 28
0 17
21 26
25 40
24 39
43 5
15 39
14 15
42 15
1 40
9 10
14 5
8 19
28 6
22 41
35 33
18 38
7 0
21 9
45 21
37 26
12 5
15 33
16 33
4 19
45 38
9 28
42 48
29 15
7 14
40 11
40 31
15 21
3 14
17 5
45 36
30 32
38 7
35 37
17 19
20 13
37 46
2 37
23 8
34 36
3 43
11 8
38 14
5 13
27 7
31 48
29 41
2 10
45 4
3 19
26 46
27 30
7 20
25 41
4 1
15 49
4 17
21 0
18 45
32 3
46 5
8 42
24 44
28 27
18 49
44 48
9 34
11 13
2 3
29 36
30 26
33 32
24 33
15 47
17 5
3 15
38 45
37 32
14 10
12 33
12 37
32 39
1 16
36 2
48 40
32 43
13 8
0 46
42 48
45 30
24 0
26 11
40 0
2 32
44 6
44 40
34 46
20 7
27 38
32 44
16 10
13 13
45 2
34 30
24 43
3 22
8 23
30 21
36 8
16 1
39 9
12 38
19 19
40 14
13 29
8 44
0 35
10 19
3 0
46 29
44 17
13 8
11 6
34 1
21 12
10 46
16 24
38 17
48 43
23 4
33 28
10 24
14 4
40 27
29 18
43 4
15 43
48 0
24 35
30 49
5 44
46 7
21 29
35 13
33 25
36 32
45 3
38 49
8 17
20 6
44 24
16 46
9 19
42 18
43 39
42 41
21 41
23 9
4 21
33 3
23 0
6 15
10 36
39 7
29 42
15 31
