7 49
24 39
46 1
31 39
48 14
6 44
24 21
8 15
7 39
9 17
16 27
26 28
34 41
20 40
4 3
17 4
30 6
39 31
29 13
13 41
34 42
31 49
48 11
47 37
37 29
15 31
47 46
36 34
5 23
48 28
46 47
16 20
24 30
16 36
41 30
25 31
24 20
48 20
48 9
3 31
6 39
11 25
14 26
20 24
44 36
39 37
38 21
16 14
44 5
24 26
40 24
25 3
5 2
16 27
11 5
30 8
37 1
44 27
37 35
11 8
31 0
34 13
20 42
15 43
24 14
26 20
40 0
35 21
38 0
12 10
21 27
45 19
5 42
45 5
12 33
44 3
1 1
37 29
8 37
13 17
46 3
10 8
2 38
32 40
38 44
27 26
44 0
20 26
24 17
36 4
15 17
41 43
20 36
15 22
37 8
15 32
32 34
20 37
10 33
20 30
29 9
25 10
28 35
16 47
27 38
31 2
37 7
12 45
0 48
5 16
38 18
26 21
11 1
45 35
10 42
33 11
4 18
4 14
20 28
5 41
44 34
23 27
44 29
1 20
47 39
13 14
46 4
6 23
20 32
37 29
11 10
24 21
48 34
12 19
46 43
2 25
33 31
25 19
38 41
33 45
31 21
46 46
26 40
27 47
19 43
18 35
31 8
18 38
11 10
29 34
8 40
17 47
0 14
42 0
39 27
38 49
35 24
43 24
18 21
24 49
2 13
9 30
10 12
34 0
33 2
20 28
40 12
48 34
47 43
17 0
0 34
6 19
8 36
44 2
17 37
44 47
38 7
1 0
36 9
10 29
25 3
17 7
44 10
8 33
40 21
13 36
47 29
44 24
31 14
31 44
5 47
20 37
7 36
5 37
15 38
2 37
48 24
25 29
38 36
44 21
20 30
37 29
28 22
3 48
32 16
6 7
