6 25
15 33
30 18
46 24
31 24
21 25
41 5
35 13
45 35
40 13
31 45
35 22
4 15
21 1
20 42
7 9
37 2
21 5
3 26
3 23
46 26
40 20
46 44
13 8
3 3
4 44
43 15
5 16
22 8
30 34
15 29
39 17
34 31
2 10
42 23
29 35
14 2
38 22
10 13
16 6
35 31
26 33
12 26
19 34
18 13
32 3
20 23
35 14
24 6
15 36
10 26
24 48
18 16
38 20
39 34
19 21
3 8
29 47
21 17
20 48
12 6
32 48
48 46
47 39
47 38
14 37
39 23
7 19
12 45
1 32
30 35
22 21
41 36
39 22
47 35
18 15
7 36
25 44
45 32
27 4
45 21
23 35
28 47
0 0
5 37
24 43
12 23
35 45
37 11
23 2
42 34
22 43
32 14
24 9
24 43
25 40
18 10
13 7
16 28
11 18
46 39
38 27
47 47
3 47
34 43
1 14
28 41
43 36
19 19
7 15
39 17
6 11
33 20
43 46
34 34
26 42
1 38
9 3
24 15
39 44
5 31
39 7
5 18
12 11
39 4
20 47
48 34
38 6
8 0
36 27
29 27
43 47
14 10
33 40
6 28
11 22
19 44
19 30
2 46
48 15
44 48
47 20
29 49
21 44
18 44
27 35
12 2
30 19
18 40
23 18
41 45
40 16
48 21
45 38
34 45
33 25
39 16
12 48
40 2
24 17
5 8
38 46
42 3
40 26
47 43
1 24
27 31
23 37
47 49
21 39
35 2
24 9
31 46
33 31
11 10
12 46
4 11
34 24
18 11
20 43
46 32
15 35
25 36
47 5
29 35
37 11
43 39
48 24
22 6
33 29
12 40
4 14
45 2
22 3
24 1
13 10
48 4
36 15
24 5
19 6
3 46
35 39
31 41
6 20
35 47
16 0
