42 1
40 22
15 27
28 25
19 29
29 29
40 0
33 4
41 14
32 21
13 27
18 4
24 8
24 33
14 20
1 41
0 39
13 44
4 27
41 28
3 48
35 20
24 30
14 25
27 46
10 37
20 32
8 7
22 12
20 20
16 2
13 40
41 17
40 23
28 40
1 40
20 21
4 5
9 15
16 10
13 26
41 47
15 40
30 0
45 19
44 30
15 48
6 10
42 9
24 13
33 1
1 32
1 3
26 39
25 9
2 48
41 35
2 12
41 36
2 12
43 10
17 9
23 49
43 2
10 8
17 46
7 23
46 1
17 7
0 11
36 25
23 33
45 22
0 47
37 14
24 36
1 13
35 32
34 23
16 21
0 42
37 23
13 45
21 11
6 24
11 25
20 4
25 48
24 15
30 2
8 42
32 26
5 39
46 34
41 32
12 45
39 33
15 46
13 45
12 13
1 8
32 43
6 46
28 48
10 44
14 0
15 30
2 8
44 8
45 0
6 39
1 32
33 10
0 10
43 3
38 19
21 48
37 30
37 1
12 0
45 45
13 4
3 16
0 7
31 8
19 6
31 15
7 28
39 38
40 23
40 44
2 44
1 15
32 14
14 43
40 36
11 26
1 4
43 44
40 16
11 16
13 7
31 11
26 34
19 13
17 9
31 9
10 3
35 19
38 0
36 13
12 4
28 37
8 7
33 20
35 30
45 0
28 26
12 4
18 19
42 10
25 24
2 42
19 38
17 12
24 39
33 23
2 48
39 28
24 8
30 38
9 40
48 36
24 36
44 45
25 37
16 1
28 11
36 5
43 20
13 21
9 19
24 26
11 9
20 47
33 33
40 3
32 1
3 44
17 37
24 40
18 24
16 8
36 39
5 11
14 23
44 33
29 39
42 18
5 9
7 36
29 10
30 8
42 16
32 26
7 35
