34 30
11 36
24 35
48 0
6 38
6 30
43 13
24 14
42 38
27 39
22 48
0 37
29 3
17 32
5 25
38 38
26 14
30 4
25 13
35 42
7 40
31 5
45 40
26 45
35 23
33 3
21 0
21 48
45 46
22 40
47 1
42 39
12 43
8 44
34 40
45 37
41 14
23 25
19 43
44 11
12 42
48 12
9 44
22 40
19 22
5 30
15 41
26 23
40 3
43 48
26 46
32 47
36 16
36 48
1 34
18 38
27 31
20 8
20 32
29 0
31 45
47 31
45 34
27 37
42 25
12 25
10 16
20 43
42 17
44 16
2 21
3 25
2 36
32 31
43 39
24 44
4 43
0 20
24 46
10 1
12 25
38 33
3 3
37 34
22 11
16 48
13 6
5 21
5 28
15 2
9 45
46 38
13 26
33 34
13 10
14 35
8 43
46 32
8 14
41 8
21 31
23 28
1 43
10 29
9 12
43 2
4 25
17 16
11 41
20 32
48 23
44 0
16 13
14 40
34 33
21 0
15 41
19 14
41 12
36 8
3 26
1 38
7 29
23 37
43 37
33 33
39 32
19 1
6 20
39 24
23 46
24 48
46 12
24 45
20 45
6 4
47 8
14 2
15 14
29 10
32 44
35 24
23 36
18 8
47 43
11 22
2 13
43 14
48 16
47 31
7 44
35 0
20 26
19 0
34 10
2 23
32 14
34 37
19 30
9 20
42 14
5 39
44 2
22 16
40 34
48 42
45 47
34 44
6 13
26 6
29 32
19 19
7 26
14 15
23 6
20 44
9 20
4 8
22 38
30 33
27 10
17 48
37 17
13 12
45 14
29 39
31 31
14 18
24 24
15 34
20 12
36 42
23 8
47 33
39 21
39 10
11 49
35 27
21 47
21 15
34 18
10 49
2 13
0 20
2 28
25 33
