44 43
8 4
33 20
11 29
25 5
11 36
20 6
31 24
16 33
15 38
26 1
22 28
13 11
43 2
7 23
46 45
25 0
40 40
9 42
35 48
40 43
37 33
9 33
15 47
36 9
39 13
39 1
40 24
24 13
23 46
15 20
2 32
48 37
8 28
33 42
24 4
24 8
5 35
42 23
11 28
8 10
0 36
31 30
24 7
46 39
35 28
8 24
26 38
30 36
40 37
23 15
39 30
1 41
39 15
14 34
11 29
35 45
38 17
33 6
12 0
14 46
6 5
15 20
0 7
33 48
43 48
28 24
29 43
1 6
12 34
10 22
10 2
1 24
48 44
3 15
43 21
34 40
47 2
26 36
28 31
22 9
30 29
22 44
13 24
14 17
11 18
24 5
10 21
29 14
44 32
26 40
48 9
34 15
21 22
45 18
29 35
20 24
28 10
0 17
36 4
10 34
20 18
24 37
16 39
26 15
10 47
39 33
26 48
24 26
23 34
26 7
36 30
17 36
1 18
28 25
26 31
39 10
24 39
40 10
39 14
42 17
17 21
31 3
28 27
3 12
11 43
7 14
42 32
36 4
43 29
16 9
9 3
25 27
2 38
13 19
3 0
31 35
24 34
13 18
21 25
19 44
17 28
40 35
40 38
23 15
44 31
1 16
32 6
10 33
21 16
20 32
3 33
24 15
39 13
38 40
37 38
6 40
23 28
20 10
10 32
35 39
12 49
27 27
25 17
24 11
27 13
43 40
29 10
5 29
19 35
17 17
38 8
2 41
21 42
38 27
18 28
20 33
21 0
22 13
15 18
46 46
44 40
6 9
4 8
28 25
25 7
46 27
2 25
48 5
19 30
16 20
43 42
32 0
26 14
25 26
10 20
1 40
10 4
9 0
45 20
15 48
2 16
2 47
4 1
34 32
15 21
