3 20
5 4
42 28
8 13
9 21
24 49
7 34
24 44
27 48
20 7
38 20
20 35
13 47
40 18
7 13
6 11
16 7
27 6
40 23
40 36
3 6
36 31
47 9
46 13
1 49
34 31
28 40
38 18
16 11
12 10
26 30
35 14
38 20
17 22
41 14
42 48
2 28
2 21
4 23
37 37
7 14
2 17
21 15
36 25
15 20
21 35
47 21
47 21
10 48
6 6
9 19
15 45
47 39
36 6
4 25
21 3
48 38
17 36
2 23
33 33
28 36
12 40
29 17
7 21
31 30
6 4
46 14
29 22
43 42
25 0
24 48
25 30
10 20
14 26
3 15
6 32
32 9
34 28
42 14
25 39
9 10
30 47
30 4
18 24
8 43
14 48
13 19
0 45
47 15
0 29
17 28
22 36
13 23
4 15
6 31
33 30
40 19
36 14
5 0
40 26
10 48
4 7
1 22
9 27
46 8
18 15
31 4
21 0
38 9
23 4
36 31
45 4
40 36
19 17
39 3
17 3
44 40
44 3
17 10
3 23
26 43
22 43
40 28
40 9
42 16
10 10
40 6
34 0
12 42
9 39
2 22
3 24
34 31
24 32
47 13
22 26
41 37
3 26
34 28
48 27
8 12
4 46
47 16
11 41
33 14
26 12
39 27
48 36
5 30
19 43
40 42
18 5
15 16
37 1
14 46
21 7
36 20
14 22
46 19
23 11
5 44
22 19
13 43
12 46
36 33
34 8
9 32
14 31
13 45
19 11
6 26
19 47
8 49
4 22
30 24
14 22
4 45
40 14
22 45
36 42
45 20
20 19
47 16
4 10
23 1
47 16
46 37
23 4
41 25
42 11
26 35
38 38
30 25
6 11
23 1
6 44
40 18
9 24
24 18
1 7
20 40
27 14
12 40
43 14
2 6
17 13
