-0.5002 -1.0001 -0.5002 -0.500512 
0 0 0 0 
-0.871462 -0.192557 -0.437675 -0.305618 
-0.279613 -0.158183 -0.499837 -0.170499 
-0.27324 -0.119985 -0.48266 -0.156321 
-0.121385 -0.122202 -0.494908 -0.125471 
-0.137407 -0.159538 -0.491421 -0.129447 
-0.145304 -0.108177 -0.497012 -0.112385 
-0.254753 -0.116812 -0.490216 -0.106951 
-0.122743 -0.242192 -0.494365 -0.11715 
-0.234091 -0.28284 -0.479166 -0.0964839 
-0.000141237 0 -0.462801 -0.742624 
-0.24119 -0.162982 -0.245123 -0.064476 
-0.050533 -0.0574967 -0.45528 -0.0503249 
-0.0409123 -0.0640468 -0.487894 -0.0718489 
-0.197412 -0.214113 -0.462466 -0.0348886 
0 -0.963346 -0.365125 0 
0 0 0 0 
-0.730056 -0.119293 0 -0.0558288 
-0.0605932 -0.07059 -0.240245 -0.0497406 
-0.0723765 -0.0633547 -0.485648 -0.0472109 
-0.177939 -0.268696 -0.419532 -0.0321215 
-0.0107034 -0.0844376 -0.467259 0 
-0.10667 0 -0.479632 -0.0222916 
-0.179635 -0.0579619 -0.336984 -0.0335331 
-0.0282118 -0.088041 -0.449975 -0.0299833 
-0.106121 -0.048499 -0.470592 -0.0484989 
-0.0483947 -0.0611341 -0.399184 -0.0484625 
-0.016725 -0.203038 -0.394219 -0.0145267 
0 -0.000306279 -0.491463 -0.0102927 
-0.0959196 -0.45685 -0.235464 -0.0331719 
0 0 0 0 
-0.385099 0 0 0 
0 -0.447759 0 -0.000127993 
0 0 0 0 
0 -7.70043e-05 -0.383862 0 
0 0 0 -7.70043e-05 
0 0 0 0 
0 0 0 0 
0 -0.385099 -0.294754 -0.000100608 
0 0 0 0 
0 -0.570728 -0.186868 -0.000107435 
0 0 0 0 
0 0 0 0 
0 0 0 0 
0 0 0 0 
0 -9.83438e-05 0 -0.561689 
-0.102905 -0.000710151 -0.280901 -0.000738158 
-0.0315732 -0.0515037 -0.169 -0.00932505 
0 -0.354994 -0.280901 0 
-0.5002 -1.0002 -0.500422 2.45657 
0 0 0 -0.0001 
-0.994863 -0.196189 -0.24663 -0.228928 
-0.223229 -0.237311 -0.238725 -0.200628 
-0.199361 -0.270291 -0.13787 -0.325098 
-0.150622 -0.136091 -0.167951 -0.926823 
-0.16034 -0.129966 -0.153008 -0.240146 
-0.133366 -0.0994336 -0.162227 -0.141701 
-0.150996 -0.130803 -0.148914 -0.0949895 
-0.127189 -0.0992614 -0.174137 -0.106376 
-0.151948 -0.99047 -0.168899 -0.0931062 
0 0 0 0 
-0.911156 -0.0638133 -0.0644471 -0.0949651 
-0.08056 -0.0759315 -0.169136 -0.0626453 
-0.0535122 -0.0533657 -0.084987 -0.0533284 
-0.0781785 -0.0654642 -0.0968147 -0.0580055 
-0.083404 -0.0583698 -0.513918 -0.0562867 
-0.0787823 -0.0561166 -0.913387 -0.127745 
-0.0514624 -0.0496708 -0.104155 -0.0496553 
-0.0496941 -0.0497377 -0.0497333 -0.0497413 
-0.0497628 -0.0497941 -0.166078 -0.0497697 
-0.0497921 -0.0497793 -0.0536428 -0.0498173 
-0.0498014 -0.0498339 -0.0753887 -0.0497812 
-0.0498255 -0.0498501 -0.0693782 -0.0498548 
-0.0498572 -0.0759143 -0.0958705 -0.0557213 
-0.0426642 -0.03676 -0.115048 -0.12425 
-0.075793 -0.0539021 -0.160039 -0.0792147 
-0.0512278 -0.0680366 -0.0804468 -0.0489927 
-0.0588753 -0.0710101 -0.0856015 -0.0436291 
-0.0355323 -0.0555516 -0.191243 -0.0351063 
-0.0237342 -0.114636 -0.0370786 -0.126805 
-0.138798 -0.000179068 -0.392918 -0.690148 
-0.000210989 -0.000142994 -7.70043e-05 -0.108949 
-0.000173162 -0.000383968 -0.000135513 -0.385099 
-0.000291627 -0.000436713 -0.66046 -0.000455001 
-0.000490575 -0.133641 -0.151568 -0.000603737 
-0.000180692 -0.621926 0 -0.0523066 
0 0 0 0 
-0.905219 -0.00011913 0 0 
-0.215586 -0.0103105 -0.0581542 -0.0102798 
-0.0102804 -0.0103234 -0.344793 -0.0103336 
-0.0103376 -0.123208 -0.107147 -0.0103388 
0 -0.131953 -0.88138 -0.000130495 
-0.38921 -6.89449e-05 0 0 
0 0 0 0 
0 0 0 0 
0 0 0 0 
-0.559451 -0.00927835 -0.0515037 -0.00921729 
-0.00928987 -0.0112592 -0.00931035 -0.00936883 
-0.00056202 -0.169 -0.121326 0 
-0.5002 2.45721 -0.16234 0.321047 
1.14257 -0.0735066 -1.0002 2.45753 
-0.26144 -0.264701 -0.275436 0.123234 
-0.235136 -0.294536 -0.235186 -0.238675 
-0.127809 -0.927521 -0.131265 -0.981717 
0 0 0 0 
-0.999911 -0.0800446 -0.123837 -0.17563 
-0.122271 -0.0993014 -0.120619 -0.0993561 
-0.0992628 -0.0992474 -0.108874 -0.0992873 
-0.104321 -0.12359 -0.0992362 -0.0941764 
-0.0991006 -0.150765 -0.099056 -0.0481313 
-0.0665781 -0.0583728 -1.00016 0.640335 
-0.0759822 -0.0541269 -0.171902 0.633468 
-0.0745785 -0.0626152 -0.0626322 -0.0506028 
-0.0626335 -0.0667913 -0.0634126 1.12346 
-0.0624445 -0.0717696 -0.0682719 -0.0623153 
-0.0578856 -0.101249 -0.0562571 -0.106505 
-0.0496136 -0.0430494 -0.233252 -0.130887 
-0.0533 -0.0496557 -0.0496325 -0.0496228 
-0.0496899 -0.0497604 -0.0497199 -0.0497395 
-0.0498059 -0.049795 -0.0497965 -0.0498351 
-0.0498347 -0.0497811 -0.0497963 -0.0498226 
-0.0498003 -0.0498361 -0.0497809 -0.0498192 
-0.0497968 -0.050186 -0.0498327 -0.0498536 
-0.0348463 -0.0541772 -0.0361 -0.0855701 
-0.0297469 -0.0223612 -0.021621 -0.805388 
-0.246527 -0.048998 -0.0505072 -0.432911 
-0.0489936 -0.04904 -0.0489882 -0.0490128 
-0.0490241 -0.0517968 -0.0497873 -0.0490722 
-0.0398355 -0.131676 -0.0544261 -0.0402695 
-0.00186105 -0.947249 -0.00677146 -0.00874518 
0 0 0 0 
-0.447759 -0.697568 -0.0736618 -0.0320177 
0 0 0 0 
-0.806695 -0.000485072 -0.155328 -0.0026079 
-0.237715 -0.080061 -0.0236729 -0.0109015 
-0.000500732 -0.000103688 0 -0.0449104 
-0.0342975 -0.0748144 -0.344793 -0.0101565 
-0.000122514 -0.000103688 -0.4314 -0.000154206 
-0.0449851 -0.0103124 -0.0103007 -0.0102825 
-0.010324 -0.0103227 -0.0102933 -0.0103319 
-0.0103393 -0.0126936 -0.0103469 -0.0102926 
-0.0101813 -0.0101257 -0.2439 -0.0406748 
-0.0101404 -0.373661 -0.103862 -0.0263447 
0 0 0 0 
0 0 0 0 
0 0 0 -0.566198 
-0.10496 -0.00938104 -0.102271 -0.00939737 
-0.00943481 -0.0525481 -0.0093828 -0.0094091 
0 -0.356487 0 0 
-0.5002 1.73234 -0.0952309 -0.12878 
0.381144 -0.0719668 0.376803 2.45761 
1.4745 -0.188942 -0.117502 -0.13385 
-0.0891048 -1.00018 -0.182291 -0.192507 
0 0 0 0 
-0.950039 -0.212219 -0.998767 -0.0938202 
-0.12702 -0.137974 -0.281974 0.628159 
-0.147551 -0.0854997 -0.0993641 -0.0996415 
-0.0992798 0.264862 -0.0992759 -0.099234 
-0.0991984 -0.0857204 -0.0992079 1.49388 
0.132459 2.44858 -0.0659556 0.443147 
0.446295 2.4468 -0.0704947 -0.0561717 
-0.0716447 2.44492 -0.0548943 0.128602 
0.443629 2.44307 -0.0608255 -0.0550587 
-0.0537457 -0.0537457 0.127486 2.44138 
-0.0462731 -0.0751485 -0.0624015 -0.0624251 
-0.0545158 -0.0919047 -0.0529568 -0.077409 
-0.0306719 -0.027843 -0.0281942 -0.90826 
-0.152277 -0.0496209 -0.0521811 -0.0496566 
-0.0846053 -0.0497723 -0.0496608 -0.049829 
-0.0625392 -0.0499142 -0.0498759 -0.0498871 
-0.0498847 -0.0498865 -0.0498534 -0.0498699 
-0.049851 -0.0498582 -0.0498633 -0.0498829 
-0.049865 -0.0498453 -0.0498051 -0.0498678 
-0.0497868 -0.84134 -0.0577688 -0.0744386 
0 0 0 0 
-0.96329 -0.0350236 -0.0548067 -0.136486 
-0.331083 -0.0490581 -0.0490154 -0.0490501 
-0.0490389 0.137001 -0.0490438 -0.0490596 
-0.0489922 -0.160753 -0.0735602 1.49607 
-0.0430445 -0.0759854 -0.299692 -0.0427953 
-0.0162954 -0.0199847 -0.841264 -0.0873685 
-0.0418671 -0.288313 -0.0320157 1.18168 
0.383947 -0.00104868 -0.896022 -0.000491512 
-0.270466 -0.010933 -0.124563 -0.0267018 
-0.010916 -0.158478 -0.0108927 -0.0109295 
-0.0102357 -0.0101074 -0.0201088 -0.793923 
-0.0101505 -0.0101928 -0.0101407 -0.258153 
-0.0102043 -0.0102059 -0.108889 -0.0102362 
-0.0102689 -0.0102461 -0.0102881 -0.0102465 
-0.0102683 -0.0103095 -0.0102919 -0.0102884 
-0.0102753 -0.0276245 -0.0103002 -0.0102979 
-0.0100681 -0.0616422 -0.0100478 -0.0100858 
-0.038625 -0.603069 -0.0574515 -0.0101297 
0 0 0 0 
0 0 0 0 
0 0 0 0 
-0.337932 -0.00944359 -0.00941595 -0.00944276 
-0.00943747 -0.00944777 -0.00946137 -0.00943742 
-0.00945923 -0.280901 -0.0861689 -0.0163295 
-0.5002 -0.0299961 -0.224328 -0.208005 
-0.0728163 2.45751 0.829422 -0.0821871 
-0.0661218 -0.0658175 0.248885 2.45728 
-0.105102 -0.115042 -0.126386 0.620344 
-0.111999 -0.193488 -1.0002 1.12616 
-0.0674582 2.45508 -0.114921 -0.0695386 
0.449912 2.45444 -0.0702346 -0.0610164 
-0.0637819 2.45366 -0.0992565 -0.0445743 
0.440032 2.45272 -0.0850875 -0.0691845 
-0.0675212 2.45156 -0.0613413 0.116488 
-0.0775564 -0.310507 2.45018 -0.0761604 
-0.0573686 -0.117856 -0.0464575 -0.999927 
-0.0987864 -0.0743495 1.12455 -0.188378 
-0.0727206 1.12417 -0.0625038 -0.0933778 
0.132486 -0.0496825 -0.0416159 2.43999 
0.63918 -0.0785231 -0.0624318 -0.0623764 
-0.0618298 -0.961463 -0.0943488 -0.0617423 
0 0 0 0 
-0.94648 -0.0499029 -0.0930723 -0.0547412 
-0.316374 -0.0566608 -0.0659045 -0.0501853 
-0.0657729 -0.0498963 -0.0499095 -0.0499246 
-0.0602254 -0.0498848 -0.0499014 -0.0498751 
-0.04988 -0.0498871 -0.0498729 -0.0498961 
-0.0498815 -0.0977353 -0.0498656 -0.0498517 
-0.0457377 -0.174965 -0.0458176 -0.0458209 
-0.0322154 -0.0225322 -0.968902 -0.0271595 
-0.0585029 -0.0574771 -0.215219 -0.0492839 
-0.0559561 0.640189 -0.049082 -0.0490811 
-0.0490176 2.41073 -0.0491153 0.449722 
-0.039239 2.41397 0.270096 -0.0547086 
-0.0427495 2.41772 -0.0427848 -0.0424311 
-0.0321009 2.42203 -0.0690179 -0.0321172 
-0.0319122 2.4269 -0.0319516 -0.0308456 
0.848848 -0.0317614 0.00669597 2.43228 
-0.0562357 -0.197474 -0.0548284 0.643013 
-0.0138675 -0.771837 -0.0108863 -0.0130117 
0 0 0 0 
-0.854477 -7.70043e-05 0 -0.000103688 
-0.133571 -0.0102927 -0.0102368 -0.0102572 
-0.010276 -0.010306 -0.0102889 -0.0102684 
-0.0103005 -0.0102603 -0.0103028 -0.010297 
-0.0102652 -0.010249 -0.0102412 -0.0102771 
-0.0101501 -0.0101771 -0.0101703 -0.010177 
-0.0101729 -0.0101594 -0.0101251 -0.0101461 
-0.0101691 -0.117253 -0.373661 -0.348276 
0 -0.348276 0 -0.591826 
0 0 0 0 
-0.570728 -0.00949168 -0.00945161 -0.0233641 
-0.00948845 -0.00950558 -0.0094982 -0.00957576 
-0.00949516 -0.172431 -0.0364256 -0.0094414 
-0.5002 -0.078076 -0.156725 -0.148367 
-0.168187 -0.10305 0.625852 -0.112677 
-0.0621078 2.45696 -0.0660145 -0.0655274 
1.42285 2.45657 -0.0614944 -0.0658978 
0.438733 2.45613 0.120176 -0.0728503 
0.804521 -0.0557926 2.45564 -0.0840614 
-0.0995189 -0.0840322 0.638299 -0.27929 
-0.180995 -0.0993977 0.636611 -0.161592 
-0.0993034 -0.115303 -0.0433016 -0.103916 
-0.126821 -0.169057 1.12597 -0.0984474 
-0.163009 -1.00013 0.630367 -0.135221 
0 0 0 0 
-0.992123 -0.0374694 -0.0461757 -0.0453707 
-0.141351 -0.06228 -0.0638547 0.626826 
-0.0511843 -0.059738 -0.0468416 2.43903 
-0.0623665 -0.0849543 -0.0487845 -0.063219 
-0.061802 -0.124097 -0.384005 -0.0761352 
-0.0197587 -0.0121538 -0.978067 -0.00470583 
-0.357303 -0.0501547 -0.388521 -0.0776557 
-0.0510266 -0.050138 -0.0501455 -0.0501289 
-0.0500341 -0.050014 -0.0500016 -0.049543 
-0.0499903 -0.0499755 -0.051455 -0.0499675 
-0.0499233 -0.0444298 -0.0498886 -0.0498884 
-0.0498033 -0.0497978 -0.0498249 0.63808 
-0.0497807 -0.0505071 -0.131556 -0.0497243 
-0.0494115 -0.049376 -0.149421 -0.049439 
-0.0493038 -0.0491785 -0.0492787 -0.0492769 
-0.0491735 -0.0491766 -0.044665 -0.0491924 
-0.0485399 -0.053092 2.40791 0.453482 
-0.0490155 -0.178846 -0.0322341 -0.0748706 
-0.0320033 -0.0307651 -0.0380511 -0.886101 
-0.0319804 0.383442 -0.0320426 -0.241374 
-0.0318325 1.76489 -0.0318567 -0.032813 
0.415782 2.43806 0.455194 -0.0316578 
-0.0315758 -0.046437 -0.0316969 2.44408 
-0.0178696 -0.0930399 -0.15577 -0.0298194 
-0.0112116 -0.0101825 -0.812551 -0.0102578 
-0.0102539 -0.0103125 -0.21567 -0.0102688 
-0.0102836 -0.0103251 -0.0102694 -0.0103245 
-0.0103038 -0.0102931 -0.0103115 -0.0102647 
-0.010264 -0.0103068 -0.0102966 -0.0102949 
-0.0102856 -0.0385409 -0.0103192 -0.0102945 
-0.0101704 -0.0646939 -0.0101758 -0.0101325 
-0.010141 -0.603069 -0.010177 -0.0410699 
0 0 0 0 
0 0 0 0 
0 -0.000390873 -0.890892 0 
-0.380017 -0.00214476 -0.0528204 -0.00221684 
-0.0334114 -0.00960529 -0.00961478 -0.00959795 
-0.00964175 -0.287698 -0.0536136 -0.01915 
-0.499714 -0.0852172 -0.21659 -0.201707 
-0.142272 -0.125279 -0.102057 -0.155785 
-0.110411 -0.103158 -0.0476379 -0.162074 
-0.121836 -0.107403 -0.0512526 -0.104197 
-0.0560702 -0.111931 -0.153945 -0.138661 
-0.114846 -0.105449 -0.0588969 -0.163324 
-0.123247 -0.145047 -0.0869597 -1.00019 
-0.373455 -0.0976878 -0.0976645 -0.241371 
-0.13865 -0.109874 -0.122198 -0.117586 
-0.118729 -0.118015 -0.0977669 -0.139865 
-0.0971847 -0.143772 -0.132303 -0.367767 
-0.106822 -0.0630582 -0.710135 -0.237877 
-0.147457 0.646481 -0.130416 -0.116978 
-0.0501216 -0.0527999 -0.0574183 2.43863 
2.43858 0.126109 0.446744 -0.0508042 
1.11908 -0.0586869 -0.059132 -0.0619459 
-0.0431725 -0.105804 -0.102342 -0.0736418 
-0.036999 -0.0369264 -0.218025 -0.806051 
-0.228106 -0.0500871 -0.0501193 -0.083347 
-0.0501585 -0.0501301 -0.0501287 -0.0501579 
-0.0500883 0.147265 -0.0500219 -0.0500433 
-0.0499834 1.50001 -0.0499379 -0.0499427 
0.270541 2.39831 -0.049891 -0.0498659 
0.443368 2.39819 -0.0433369 0.672257 
-0.0426725 2.39875 -0.0496892 -0.0464449 
0.457592 2.39986 -0.0494893 -0.042625 
-0.0438877 2.4014 -0.0493445 0.135015 
-0.0492309 2.40328 -0.0492311 -0.0456277 
0.450538 -0.0491201 2.40544 -0.0493383 
-0.0491529 -0.825279 -0.0739284 -0.073431 
0 0 0 0 
-0.814456 -0.00200296 -0.00172137 -0.286094 
-0.050426 -0.0314109 -0.0314953 -0.0314372 
-0.0315076 -0.031495 -0.0315128 0.152271 
-0.0314498 -0.0314449 -0.0314355 2.45013 
-0.0314561 -0.0555092 -0.04345 -0.0411619 
-0.0135036 -0.0103849 -0.157709 -0.240932 
-0.01033 -0.0103548 -0.0103364 -0.385099 
-0.0103377 -0.0103119 -0.0103522 -0.447759 
-0.0103383 -0.0103098 -0.0103403 -0.0103 
-0.0103342 -0.010289 -0.010338 -0.0103674 
-0.010298 -0.0103228 -0.0102995 -0.0103106 
-0.0102698 -0.0102982 -0.0287462 -0.0103184 
-0.0102591 -0.0930158 -0.0102302 -0.0102326 
-0.010069 -0.0100487 -0.619558 -0.0100914 
-0.0100431 -0.0100258 -0.381248 -0.00998833 
-0.00991936 -0.0131164 -0.300103 -0.00997566 
-0.0224786 -0.00978546 -0.0656363 -0.00980996 
-0.00972392 -0.017175 -0.00972497 -0.00974041 
-0.0037584 -0.172431 -0.027426 -0.0427552 
-0.500183 -0.164571 -0.164661 -0.181403 
-0.289391 -0.167979 -0.109405 -0.183426 
-0.167967 -0.167987 -0.128227 -0.167955 
-0.168007 -0.210161 -0.0892304 -0.169114 
-0.19177 -0.358501 -0.103085 -0.170711 
-0.167279 -1.00019 -0.255137 -0.165211 
0 0 0 0 
-1.00017 -0.104625 -0.253571 -0.119543 
-0.454564 -0.115087 -0.0948406 -0.131197 
-0.168778 -0.14675 -0.107459 -0.130561 
-0.133755 -0.0373384 -0.109989 -0.950384 
-0.0446122 -0.0344287 -0.0575582 -0.991102 
-0.191625 0.628767 -0.0541278 -0.0677397 
-0.0526838 -0.0525817 0.443752 2.43911 
-0.052415 -0.107931 -0.0554635 1.67735 
-0.04831 -0.13576 -0.0523882 -0.0605227 
-0.0521505 -0.97561 -0.0583337 -0.0716791 
0 0 0 0 
-0.924153 -0.0503634 -0.0812916 -0.0783494 
-0.0571269 -0.0499696 -0.050252 -0.0502781 
-0.0501811 -0.0501145 -0.0435192 -0.05012 
-0.0500485 2.401 -0.0391966 -0.0499934 
-0.0370901 0.42278 2.39922 -0.0358378 
-0.0498343 -0.0498101 1.91314 -0.0498531 
-0.049747 -0.033701 -0.0496924 -0.0496953 
-0.0496385 -0.0495796 0.638398 -0.0562971 
-0.0494611 -0.0494587 1.13151 -0.0494847 
-0.0494108 -0.0493863 0.952781 -0.0493964 
0.136565 -0.112433 -0.0565934 -0.0663005 
-0.0276874 -0.0443834 -0.0223579 -0.347966 
-0.000236876 -0.000196613 -0.466126 -0.715069 
-0.000226459 -0.000558674 -0.000286943 -0.837144 
-0.121701 -0.0314677 -0.0385566 -0.118322 
-0.0632197 1.13555 -0.0314503 -0.0314145 
-0.0286412 -0.115396 -0.0283208 2.456 
0 -0.236272 -0.00019732 -0.000318625 
0 -0.8848 -0.00136944 0 
0 0 0 0 
0 0 0 0 
-0.385099 -0.0103957 -0.0103869 -0.0103451 
-0.0103847 -0.0104145 -0.0104026 -0.0103894 
-0.0103802 -0.0103627 -0.0103808 -0.0103841 
-0.0103501 -0.0103103 -0.0102852 -0.0103356 
-0.010245 -0.0102199 -0.0102585 -0.0102591 
-0.0101948 -0.0101383 -0.0101147 -0.010154 
-0.0100939 -0.0103594 -0.0100946 -0.0101286 
-0.00999899 -0.00996578 -0.0279015 -0.00999467 
-0.0099125 -0.00989036 -0.00990123 -0.00990083 
-0.00979512 -0.00982203 -0.00980635 -0.00977624 
-0.00978188 -0.293981 -0.0129776 -0.00980032 
-0.498896 -0.164852 -0.16475 -0.162964 
-0.193246 -0.181628 -0.169164 -0.168244 
-0.183572 -0.16791 -0.16788 -0.168792 
-0.1679 -0.169333 -0.167974 -0.168134 
-0.171799 -0.174437 -0.166993 -0.166947 
-0.178938 -0.475052 -0.283758 -0.166831 
-0.164836 -0.171037 -1.00009 -0.164256 
-0.150157 -0.150331 -0.199872 -0.15334 
-0.189135 -0.335458 -0.180376 -0.170472 
-0.134004 -0.99876 -0.0926493 -0.163049 
0 0 0 0 
0 0 0 0 
-0.962335 0.634413 -0.0524636 -0.217294 
-0.0505003 2.43988 0.453516 -0.0523864 
-0.0522632 2.4407 0.611496 -0.0499512 
0.445364 -0.0520331 -0.0522217 2.44134 
-0.0519366 -0.0865418 -0.0519489 -0.0518004 
-0.0377324 -0.0376749 -0.968612 -0.0382433 
-0.151182 0.504607 -0.0504211 -0.0503925 
-0.0503889 1.76311 -0.050331 -0.0503917 
0.275876 2.40714 -0.0487534 -0.0502416 
-0.0501108 -0.0500861 2.40366 -0.0461679 
-0.0499954 -0.0500036 0.648472 -0.0500105 
-0.0499665 -0.0495162 -0.0499079 -0.0499171 
-0.0498025 -0.0497539 -0.0456167 -0.0552019 
-0.0496129 -0.0496284 -0.0491658 -0.109979 
-0.0680191 -0.0495659 -0.0494269 -0.0911331 
-0.0495315 -0.0494914 -0.0494498 -0.0521682 
-0.0495012 -0.125488 -0.0509936 -0.0512901 
-0.00952715 -0.849267 -0.16849 -0.818308 
0 0 0 0 
0 0 0 0 
-0.69507 -0.0312975 -0.0433767 -0.0389385 
-0.0312894 0.649681 -0.031306 -0.0312969 
-0.0300742 0.147665 0.861234 2.46151 
1.29786 -0.156913 -0.0412412 -0.229797 
0 -0.663242 -9.04382e-05 -0.385099 
0 0 0 0 
-0.636646 0 -0.621926 -0.000256928 
-0.0874187 -0.0104163 -0.0104423 -0.0150799 
-0.0104997 -0.0104766 -0.0105028 -0.0105652 
-0.0104425 -0.010435 -0.0104427 -0.0104738 
-0.0103855 -0.0103517 -0.0103662 -0.0103785 
-0.0102535 -0.0102671 -0.0102715 -0.010245 
-0.0101899 -0.0101702 -0.0101906 -0.141916 
-0.0101083 -0.0100968 -0.010099 -0.0101185 
-0.0100669 -0.0100576 -0.0100119 -0.0100303 
-0.0100241 -0.111852 -0.0100068 -0.10829 
-0.00983437 -0.00971928 -0.00978135 -0.578634 
-0.00976936 -0.183149 -0.00977391 -0.11489 
-0.50017 -0.177226 -0.163014 -0.203825 
-0.188453 -0.168646 -0.194429 -0.170923 
-0.169599 -0.168781 -0.176909 -0.168759 
-0.16876 -0.171421 -0.168319 -0.168708 
-0.168641 -0.174142 -0.171698 -0.168514 
-0.167198 -0.167313 -0.170956 -0.167363 
-0.189667 -0.16844 -0.171168 -0.168473 
-0.181645 -0.168915 -0.178253 -0.168595 
-0.169174 -0.17489 -0.170221 -0.184808 
-0.167948 -0.185706 -0.235915 -0.177536 
-0.239287 -0.446474 -0.870124 -0.453261 
-0.000314809 -9.4148e-05 -0.866337 -0.745124 
-0.125999 -0.00990744 -0.393535 -0.865051 
-0.0692158 -0.0522246 -0.0522264 -0.0551918 
-0.0520888 -0.0290992 -0.0521112 -0.0574881 
-0.0401822 -0.054719 1.16595 2.44152 
-0.0517393 -0.0651973 -0.0516652 0.133394 
-0.0451044 -0.0452047 -0.141849 -0.0440111 
-0.0830432 -0.0505566 0.000373696 -0.0506066 
-0.0505297 2.41599 -0.048497 0.438251 
0.846886 -0.0503287 2.41132 -0.0504468 
-0.0502376 -0.0502009 1.13694 -0.0502367 
-0.0501071 -0.0501281 -0.0392707 -0.050096 
-0.0501022 -0.0581908 -0.0500373 -0.0500933 
-0.0499364 -0.0963805 -0.0491963 -0.0498687 
-0.129929 -0.0696355 -0.030984 -0.952351 
-0.0900398 -0.0197808 -0.0209085 -0.0442197 
-0.0583122 -0.155356 -0.0269815 -0.0153759 
-0.0154829 -0.933062 -0.0432706 -0.0791844 
0 0 0 0 
-0.695115 -0.000215778 -0.886234 0 
-0.515372 -0.0110693 -0.443281 0.66228 
-0.0627053 -0.0308189 -0.0307932 -0.0307538 
-0.0374153 0.649488 -0.0312343 -0.157235 
-0.0302257 -0.175202 1.4373 2.46649 
-0.00332565 -0.861112 0.3024 -0.0033216 
0 0 0 0 
-0.409035 -0.0109822 -0.388988 -0.0109701 
-0.0109213 -0.0108889 -0.141941 -0.0109601 
-0.0108162 -0.0107695 -0.0139255 -0.0108023 
-0.0119367 -0.010653 -0.010655 -0.0106877 
-0.0106099 -0.0105469 -0.010551 -0.0105965 
-0.0104722 -0.0751517 -0.0104914 -0.0104825 
-0.0101833 -0.270556 -0.010252 -0.0101905 
-0.0100214 -0.01001 -0.0099476 -0.860978 
-0.0100413 -0.0100743 -0.0100737 -0.10552 
-0.010026 -0.00999421 -0.0100532 -0.0100124 
-0.00997097 -0.568405 -0.00992816 -0.00990077 
0 0 0 0 
-0.586979 0 -0.000160629 0 
-0.498709 -0.163021 -0.236114 -0.160727 
-0.206681 -0.167574 -0.172665 -0.179362 
-0.192008 -0.168731 -0.16869 -0.168707 
-0.168653 -0.168682 -0.168724 -0.168659 
-0.168626 -0.168586 -0.168576 -0.168609 
-0.168617 -0.168551 -0.169749 -0.168539 
-0.16856 -0.168628 -0.168482 -0.168507 
-0.168604 -0.168524 -0.168543 -0.16856 
-0.168542 -0.195201 -0.168544 -0.207737 
-0.192093 -0.285309 -0.166022 -0.183653 
-0.151487 -0.996985 -0.295316 -0.221542 
0 0 0 0 
0 0 0 0 
-0.950669 -0.0372864 -0.0628521 -0.227789 
-0.120674 -0.0406228 -0.0410005 -0.0404008 
-0.066587 -0.0409961 0.448096 2.44101 
-0.0515775 -0.0623015 -0.0515709 1.13124 
-0.0510668 -0.0376993 -0.0842723 -0.0509523 
-0.0507387 0.649623 -0.0507216 -0.0507455 
-0.0392833 -0.0505545 2.42089 0.456737 
-0.0504617 -0.0490976 -0.050454 -0.050487 
-0.0503656 -0.0503038 0.139874 -0.0503538 
-0.0502261 -0.0501973 -0.0478635 -0.0501937 
-0.0501265 -0.0501124 -0.0501284 -0.0501476 
-0.0499783 -0.853248 -0.0499794 -0.0500017 
0 0 0 0 
-0.903826 -0.0151077 -0.0445879 -0.0725245 
-0.200235 -0.0419119 -0.0269283 -0.0160271 
-0.131806 -0.186545 -0.255237 -0.0436204 
-0.0269876 -0.0237344 -0.702823 -0.02376 
-0.0237591 0.652354 -0.184282 -0.023783 
-0.0238284 -0.0534216 -0.0267223 2.47991 
2.47753 -0.161149 -0.0308092 -0.140001 
2.47452 0.464266 -0.0309056 -0.855036 
2.47084 -0.0545361 0.464092 -0.0894826 
-0.0137184 -0.140246 -0.103475 -0.0114342 
-0.0110302 -0.0110486 -0.747561 -0.011 
-0.0110679 -0.0110374 -0.0110492 -0.0111298 
-0.0109626 -0.010992 -0.0109896 -0.011001 
-0.0108608 -0.0108809 -0.0108745 -0.0109193 
-0.010807 -0.0107453 -0.0107632 -0.0107698 
-0.0106775 -0.0106494 -0.0106508 -0.0106984 
-0.0106303 -0.0425761 -0.0105772 -0.0105598 
-0.0102455 -0.614815 -0.103572 -0.0102311 
0 0 0 0 
-0.561295 -0.00997281 -0.00999946 -0.00998422 
-0.00998373 -0.00995861 -0.0100144 -0.009955 
-0.00987969 -0.020701 -0.00993066 -0.00988697 
-7.54719e-05 -0.0412053 0 -0.369924 
0 -0.301576 -0.000151484 0 
-0.491331 -0.164332 -0.21177 -0.178149 
-0.174892 -0.16495 -0.173467 -0.186442 
-0.168688 -0.173578 -0.168734 -0.275438 
-0.231935 -0.168628 -0.168695 -0.177607 
-0.168569 -0.16859 -0.168592 -0.16864 
-0.168543 -0.168574 -0.168555 -0.169253 
-0.168536 -0.168576 -0.168571 -0.168517 
-0.168542 -0.168471 -0.16857 -0.168478 
-0.168456 -0.233805 -0.168436 -0.209495 
-0.164794 -0.238251 -0.177072 -0.356545 
-0.27009 -0.104421 -0.57783 -0.966081 
-0.0714804 -0.332177 -0.868874 -0.0346503 
-0.0271383 -0.137082 -0.989029 -0.0825675 
-0.320704 -0.0331947 -0.298582 -0.0470647 
-0.18818 -0.0514178 -0.103198 -0.0514476 
-0.0515314 2.43966 0.455516 -0.0640123 
-0.0513669 2.4374 -0.0449962 -0.0512996 
-0.0459834 2.43423 -0.0482103 -0.0492121 
0.454774 2.43028 -0.0419775 -0.0509985 
-0.044744 -0.0506813 2.42575 -0.0507336 
-0.0505768 -0.0505469 -0.0505367 -0.0505832 
-0.05042 -0.0504396 -0.0504134 -0.0504714 
-0.0503615 -0.0641485 -0.0499294 -0.0503262 
-0.0502683 -0.0927451 -0.0502291 -0.0553808 
-0.0500245 -0.208475 -0.0499457 -0.0613631 
-0.0104186 -0.0422011 -0.946354 -0.00785389 
-0.107158 -0.00683469 -0.0883037 -0.0496364 
-0.029722 -0.0427269 -0.0160253 -0.0151909 
-0.0153938 -0.0509008 -0.0312541 -0.0656565 
-0.0340866 -0.0237588 -0.0237242 -0.2026 
-0.0237222 0.652444 -0.0237646 -0.0237545 
-0.0237215 -0.182354 0.859749 2.48175 
1.13635 -0.814456 -0.0445613 -0.0232836 
0 0 0 0 
-0.586076 -0.0117721 -0.0123092 -0.0117893 
-0.0118355 -0.0306564 -0.0595953 -0.080658 
-0.0114084 -0.0113308 -0.0690119 -0.0113848 
-0.0409189 -0.0112116 -0.0111955 -0.0112851 
-0.0111094 -0.0110934 -0.0111101 -0.0111249 
-0.0109728 -0.0109583 -0.010969 -0.0109551 
-0.0107994 -0.010831 -0.0108255 -0.409035 
-0.0107391 -0.0107336 -0.0107038 -0.114483 
-0.0106369 -0.0343303 -0.0106027 -0.0106169 
-0.0103757 -0.0815409 -0.0898282 -0.0103599 
-0.0101724 -0.0101339 -0.570965 -0.0101307 
-0.0100854 -0.0100375 -0.0100542 -0.0100803 
-0.0100172 -0.174098 -0.0100193 -0.0100273 
-0.00988502 -0.721237 -0.00983584 -0.0352763 
0 0 0 0 
0 -0.363473 -0.000143611 -7.47172e-05 
-0.491507 -0.156633 -0.164737 -0.223844 
-0.208352 -0.272807 -0.164261 -0.360985 
-0.203531 -0.273912 -0.16359 -1 
-0.185727 -0.168565 -0.168649 -0.192769 
-0.168645 -0.170265 -0.168623 -0.168726 
-0.16799 -0.170217 -0.167865 -0.176787 
-0.174227 -0.169456 -0.168607 -0.169257 
-0.168513 -0.19068 -0.168408 -0.168944 
-0.166537 -0.236419 -0.166633 -0.166615 
-0.160837 -0.999324 -0.160193 -0.160103 
0 0 0 0 
-0.966393 -0.0156355 -0.0839963 -0.143141 
-0.0537096 -0.0513218 -0.109459 -0.0513774 
-0.051381 -0.0513365 -0.181353 -0.116347 
-0.051402 -0.0514081 -0.0690832 -0.0513822 
-0.0513744 -0.0513243 -0.0583709 -0.100355 
-0.0512246 -0.0511655 -0.0511597 -0.0511721 
-0.0510325 -0.0510337 0.626434 -0.112668 
-0.0509178 -0.0508562 -0.0508632 -0.0508504 
-0.0507882 -0.0507115 -0.0506903 -0.0507338 
-0.0506491 -0.0505673 -0.0506006 -0.0505791 
-0.05045 -0.0504747 -0.0504718 -0.0504574 
-0.0503701 -0.0503671 -0.0503603 -0.0504263 
-0.0503029 -0.0566647 -0.0502809 -0.0754576 
-0.046714 -0.0620692 -0.0553856 -0.0865357 
-0.018806 -0.0154754 -0.23488 -0.0333138 
-0.0240222 -0.0156413 -0.0738775 -0.0155633 
-0.0157779 -0.0157878 -0.0157935 -0.0149935 
-0.015633 -0.398506 -0.0351496 -0.20782 
-0.0143827 -0.0143962 -0.0144707 -0.938148 
-0.256433 -0.0430731 -0.0237751 -0.182401 
-0.0235276 2.48314 -0.0234536 -0.116291 
0.470477 2.48417 0.15541 -0.0233529 
0.867246 -0.147264 -0.7291 2.48494 
-0.12631 -0.0116997 -0.011684 -0.647198 
-0.0115997 -0.0115927 -0.0116254 -0.199455 
-0.0115067 -0.0114915 -0.0114724 -0.0115139 
-0.0114193 -0.0113707 -0.0113393 -0.0113733 
-0.0112367 -0.0864553 -0.0112546 -0.0112877 
-0.0379261 -0.595019 -0.0110672 -0.0110908 
0 0 0 0 
-0.569308 -0.0104573 -0.010452 -0.0104197 
-0.0104867 -0.0104953 -0.0105179 -0.0105453 
-0.0103768 -0.0103748 -0.0409822 -0.0103753 
-0.0102852 -0.0102079 -0.0102167 -0.010199 
-0.0101269 -0.0100907 -0.0101271 -0.0100893 
-0.010073 -0.0100231 -0.0100379 -0.00999349 
-0.0100296 -0.0812247 -0.115326 -0.0196996 
-0.00413756 -0.0189897 -0.577005 -0.141513 
-0.062352 -0.186868 -0.129467 -0.0610868 
-0.237843 -0.351021 -0.161667 -0.867636 
-0.00186741 -0.976508 -0.0478147 -0.00193355 
0 0 0 0 
-0.935806 -0.408681 -0.160818 -0.587436 
-0.167156 -0.166068 -0.208251 -0.998713 
-0.46811 -0.166553 -0.165813 -0.179205 
-0.173772 -0.180971 -0.168219 -0.128092 
-0.166266 -0.182929 -0.17459 -0.174756 
-0.170053 -0.235725 -0.234665 -0.171013 
-0.166447 -0.21498 -0.221245 -0.178053 
-0.125654 -0.186243 -0.981616 -0.148177 
-0.246794 -0.066374 -0.222279 -0.0408693 
-0.10223 -0.051499 -0.0922444 -0.0515589 
-0.0514457 -0.0514384 -0.0678297 -0.712627 
-0.0513572 -0.0513883 -0.0513877 -0.0603052 
-0.0912769 -0.195326 -0.0513804 -0.304652 
-0.0510081 -0.051007 -0.0610044 -0.940422 
-0.22039 -0.050806 -0.0508274 -0.0508293 
-0.0507606 -0.0507179 -0.0507116 -0.0506981 
-0.0507004 -0.0506567 -0.0506647 -0.0506705 
-0.0505529 -0.0505498 -0.050578 -0.0505753 
-0.050503 -0.0504273 -0.0504702 -0.050465 
-0.0504245 -0.115533 -0.0504145 -0.0504635 
-0.0461385 -0.196912 -0.0461488 -0.150004 
-0.0207096 -0.00702614 -0.0363913 -0.901318 
-0.0417162 -0.015317 -0.0153455 -0.114588 
-0.0153725 -0.0154274 -0.015466 -0.0145882 
-0.0147908 -0.0692671 -0.0156185 -0.017069 
-0.000899914 -0.916782 -0.00136615 -0.0730012 
0 0 0 0 
-0.833047 0 -0.000364616 -9.13517e-05 
-0.000205042 -0.000464857 -0.000220526 -0.816918 
-0.254215 -0.14091 1.14673 -0.163343 
0.158934 -0.749574 0.470774 2.48551 
0 0 0 0 
-0.868891 0 -0.000309581 -0.00258036 
-0.227868 -0.0116219 -0.0116148 -0.0116582 
-0.0114975 0.170013 -0.011475 -0.0115297 
-0.0113787 -0.0113468 -0.0113448 1.15398 
-0.0112903 -0.120748 -0.0112003 -0.0112408 
-0.0109175 -0.01084 -0.597581 -0.0108206 
-0.0106934 -0.0106949 -0.109078 -0.0106878 
-0.0105601 -0.0105357 -0.0105641 0.662903 
-0.0104383 -0.0103819 -0.0103973 -0.0103833 
-0.0103008 -0.0102181 -0.0102237 -0.0102264 
-0.0100776 -0.0100714 -0.0100833 -0.0100793 
-0.00997123 -0.0425268 -0.00993237 -0.00983223 
-0.00030836 -0.0662457 0 -0.00035596 
0 -0.173043 -0.000179101 -0.752883 
0 -0.411267 0 0 
0 0 0 0 
-0.5001 -0.277518 -0.358134 -0.0220622 
-0.01356 -0.00215546 -0.849024 -0.0330767 
-0.00224587 -0.927435 -0.113903 -0.00372085 
0 0 0 0 
-1.00004 -0.151674 -0.119499 -0.119106 
-0.194908 -0.164297 -0.15806 -0.0754925 
-0.393697 -0.18303 -0.177019 -0.28248 
-0.230524 -0.307371 -0.189 -0.998934 
-0.372749 -0.1236 -0.162427 -0.506327 
-0.118943 -0.0962707 -0.188172 -0.204717 
-0.101338 -0.397816 -0.129752 -0.0460767 
-0.0530665 -0.929339 -0.10283 -0.0995084 
0 0 0 0 
-0.840751 -0.126434 -0.0398873 -0.0614082 
-0.0295242 -0.949515 -0.0284201 -0.0420921 
0 0 0 0 
-0.91285 -0.0702788 -0.0780927 -0.0507371 
-0.107133 -0.0505922 -0.050576 -0.0505665 
-0.0506004 -0.0505914 -0.050624 -0.0505843 
-0.0505042 -0.0505313 -0.0505385 -0.0504987 
-0.0504382 -0.0504625 -0.0504402 -0.0504789 
-0.0504251 -0.2927 -0.0504342 -0.0504528 
-0.0461404 -0.95998 -0.0461368 -0.0616716 
0 0 0 0 
-0.703099 -0.0152095 -0.0228818 -0.116294 
-0.0151831 -0.0152 -0.01518 -0.0143857 
-0.015212 -0.0181336 -0.0304302 -0.0158746 
-0.0333964 -0.000296044 -0.0135383 -0.0003089 
-0.0253112 -0.000366275 -0.69507 -0.000601678 
-0.000415552 -0.702548 -0.281141 -0.000564213 
0 0 0 0 
-0.805648 -0.000301917 -0.000276443 -0.000116788 
-0.180616 2.48594 -0.138036 -0.0409454 
-0.0493645 2.48629 -0.610786 -0.0122488 
-0.0120409 2.48659 -0.150728 -0.0120498 
0.870811 2.48685 -0.0118037 -0.011821 
-0.0116486 2.48709 -0.0116196 -0.011599 
0.875414 2.48732 -0.0114258 -0.0113808 
-0.0111677 2.48755 -0.0112196 -0.0110093 
0.48086 2.48778 -0.0109801 -0.0109445 
-0.0107332 2.488 -0.0107374 -0.0107349 
-0.0105594 -0.0105318 -0.0105973 2.48822 
-0.0104311 -0.0102989 -0.0103507 -0.0103423 
-0.0101994 -0.0101555 -0.010169 -0.0099251 
-0.0100895 -0.0649726 -0.0100315 -0.00988045 
-0.00979961 -0.144341 -0.00977865 -0.00874125 
0 -0.758766 -0.016712 -0.00120482 
0 0 0 0 
0 0 0 -0.000194507 
-0.341852 -9.9e-05 -0.899246 0 
-0.435691 -0.00546444 -0.0373098 -0.0414461 
-0.0714792 -0.0627442 -0.0549552 -0.0223762 
-0.0530262 -0.0949167 -0.0219246 -0.0140197 
-0.0143268 -0.0513209 -0.697966 -0.665017 
-0.046555 -0.114702 -0.427456 -0.931319 
-0.0632366 -0.183336 -0.092194 -0.121875 
-0.0837818 -0.990716 -0.0972708 -0.0468665 
0 0 0 0 
-0.990085 -0.0643991 -0.096154 -0.102281 
-0.179216 -0.0814698 -0.079703 -0.114768 
-0.0747481 -0.117101 -0.10201 -0.0395997 
-0.049454 -0.205934 -0.100486 -0.0330508 
-0.0222012 -0.0332209 -0.913239 -0.322189 
-0.309897 -0.122313 -0.216569 -0.15013 
-0.176489 -0.539266 -0.109636 -0.2507 
-0.0681713 -0.050531 -0.956949 -0.0505904 
-0.0506062 -0.0505837 -0.0506605 -0.0505848 
-0.0505076 -0.0505559 -0.0505383 -0.0505152 
-0.0505241 -0.0505279 -0.0505698 -0.0505105 
-0.0505063 -0.0504675 -0.050441 -0.0504493 
-0.0504258 -0.05043 -0.0504089 -0.0504332 
-0.0503928 -0.0996048 -0.0503943 -0.0504301 
-0.0335698 -0.00956809 -0.180234 -0.026528 
-0.0154822 -0.014719 -0.910506 -0.0147831 
-0.176849 -0.0149348 -0.0149394 -0.0148873 
-0.0149601 -0.0141831 -0.0150017 -0.0149361 
-0.0148118 -0.0147328 -0.0147882 -0.0139805 
-0.0146084 -0.019496 -0.0831872 -0.014518 
-0.00452148 -0.0458973 -0.107995 -0.00116971 
-0.00100748 -0.138801 -0.067082 -0.00118112 
-0.0425675 0 -0.830326 -9.32065e-05 
-0.277351 -0.00151041 -0.000247288 -0.650794 
-0.150811 -0.00577322 0.653493 -0.400255 
-0.0751615 -0.0120585 -0.127442 -0.0120502 
-0.0326064 -0.0118658 0.661175 -0.0118755 
-0.0117563 -0.0116403 -0.0116815 -0.0116645 
-0.0115148 -0.011342 -0.0114518 -0.0114754 
-0.0113202 -0.0107863 -0.0112534 -0.011256 
-0.0110701 -0.00879763 -0.0110777 -0.0110409 
-0.010808 0.177003 -0.0108036 -0.0108122 
-0.0106597 1.1616 -0.0106793 -0.0105984 
-0.0103965 2.48844 0.481426 -0.0104388 
-0.0102763 2.48867 -0.010214 -0.0102332 
-0.0100592 2.48889 -0.0100559 -0.010044 
0.48195 0.30472 -0.00988424 2.48911 
-0.00979965 -0.0403674 -0.00974142 1.51652 
-0.00949401 -0.206523 -0.0901722 0.622332 
-0.00032783 -0.000211243 -0.760387 -0.000187079 
0 -0.186868 -0.000228512 -0.000124813 
-0.418549 -0.00717373 -0.264844 -0.146595 
-0.0693415 -0.0140255 -0.0133887 -0.0137408 
-0.0265765 -0.015246 -0.0158613 -0.0204345 
-0.0144475 -0.307351 -0.0231518 -0.0770546 
-0.000250664 -0.984205 -0.000137466 0 
0 0 0 0 
-0.861216 -0.0687775 -0.0852054 -0.039877 
-0.0447495 -0.0710284 -0.139011 -0.0676343 
-0.0476998 -0.27988 -0.865198 -0.14791 
-0.0463332 -0.117825 -0.197647 -0.745124 
-0.215416 -0.0589867 -0.0595971 -0.280473 
-0.0720881 -0.0807534 -0.0836961 -0.0312108 
-0.0310729 -0.220666 -0.0644016 -0.0599972 
0 -0.000157491 0 -0.929415 
-0.364093 -0.0612461 -0.0804578 -0.201712 
-0.0599355 -0.0506211 -0.0856474 -0.924541 
-0.0506099 -0.0506395 -0.253065 -0.0819977 
-0.0505574 -0.0504334 -0.0505183 -0.0791756 
-0.0504108 -0.050434 -0.0504724 -0.0503847 
-0.0504383 -0.0504041 -0.0504632 -0.0504263 
-0.0504242 -0.0503737 -0.0503781 -0.0503774 
-0.0503938 -0.0503743 -0.0503629 -0.0503421 
-0.0503616 -0.0504047 -0.0503565 -0.0503787 
-0.0504276 -0.216429 -0.0725969 -0.275331 
-0.0204665 -0.0148211 -0.0147866 -0.807217 
-0.0148086 -0.0148218 -0.0148615 -0.0458722 
-0.014786 -0.0147207 -0.0147855 -0.0292897 
-0.0146094 -0.0137778 -0.0146295 -0.0145352 
-0.0144431 -0.0194821 -0.0143734 -0.0135749 
-0.0140602 -0.0687995 -0.0270526 -0.0139618 
-0.0138972 -0.11656 -0.044865 -0.0266505 
-0.000175616 -0.834415 -0.000268204 -0.000340678 
0 0 0 0 
-0.955611 -0.000562817 0 -0.0014738 
-0.213726 -0.0118882 -0.0118981 -0.0118732 
-0.0117966 -0.011685 -0.0117915 -0.0117719 
-0.0115711 -0.0115285 -0.0116115 -0.0114398 
-0.0114511 -0.0113636 -0.0114057 -0.0113864 
-0.0112417 -0.0111561 -0.0111965 -0.201502 
-0.0109606 -0.0109465 -0.0109753 -0.0109632 
-0.0107726 -0.0107356 -0.0107868 -0.014111 
-0.0106011 -0.0105245 -0.0105568 -0.0105305 
-0.0103209 -0.0103175 -0.0103729 -0.010265 
-0.0101436 -0.0101072 -0.0101459 -0.00884233 
-0.00992307 -0.00992069 -0.00994433 -0.00981706 
-0.00977149 2.48933 0.482124 -0.00975791 
-0.00959063 2.48956 0.172456 -0.00949959 
0.4825 -0.00954029 -0.00949912 2.48978 
0.664084 -0.0636057 -0.0878576 -0.0151261 
-0.000157881 -0.37654 0 0 
-0.454346 0 -0.000207337 -0.127299 
-0.12283 -0.0242247 -0.04133 -0.034411 
-0.0271566 -0.0410435 -0.0192452 -0.080418 
-0.0165282 -0.213878 -0.0105984 -0.128431 
-0.000291844 0 -0.563338 -0.737599 
-0.0410591 -0.0406828 -0.470834 -0.316892 
-0.0460371 -0.0709117 -0.0592808 -0.041372 
-0.0424259 -0.0567158 -0.0551308 -0.0680408 
-0.0870578 -0.495099 -0.150954 -0.00205934 
0 0 0 0 
-0.964396 -0.118901 -0.0291676 -0.0645351 
-0.315522 -0.321971 -0.0751156 -0.014737 
-0.0548658 -0.956442 -0.0309717 -0.373713 
0 0 0 0 
-0.452281 -0.722641 -0.086214 -0.00101043 
0 0 0 0 
-0.901957 -0.0172745 -0.0210245 -0.0240037 
-0.0925144 -0.0471621 -0.0472843 -0.0471934 
-0.0556327 -0.0503615 -0.0503325 -0.0611453 
-0.0503391 -0.0503632 -0.0503284 -0.0503215 
-0.0503138 -0.0502931 -0.0503141 -0.0493642 
-0.0502315 -0.0502336 -0.0502804 -0.0495443 
-0.0501842 -0.287301 -0.0502806 -0.0502616 
-0.0443089 -0.925199 -0.0443424 -0.116137 
0 0 0 0 
-0.461465 -0.00406553 -0.00426147 -0.321397 
-0.0711604 -0.0142466 -0.0143295 -0.0143034 
-0.0143594 -0.0142826 -0.0143578 -0.0143304 
-0.0142269 -0.0133719 -0.0142471 -0.0141363 
-0.0139633 -0.0139401 -0.0139437 -0.0131687 
-0.0137978 -0.0206995 -0.0137996 -0.0137499 
-0.00236016 -0.0647294 -0.178432 -0.00283308 
-0.104364 -0.0671336 -0.687635 -0.0127944 
-0.00330824 -0.00343042 -0.326413 -0.00318261 
-0.0426215 -0.0115826 -0.0681584 -0.011965 
-0.0119295 -0.0111764 -0.0118959 -0.0119653 
-0.0117846 -0.0113531 -0.0117059 -0.0117075 
-0.0115022 -0.107038 -0.0114334 -0.0115863 
-0.0109715 -0.0108057 -0.0109514 -0.770038 
-0.0108996 -0.0150202 -0.0108923 -0.0651692 
-0.0282325 -0.0103134 -0.0103619 -0.0103296 
-0.0103702 -0.0103405 -0.0103899 -0.0103674 
-0.0101755 -0.0093915 -0.0102092 -0.0102122 
-0.0100654 0.00424092 -0.0100626 -0.0100124 
-0.00991064 0.0970017 -0.00986564 -0.00986953 
-0.00970895 0.494183 -0.00968533 -0.190829 
-0.00954697 1.4611 -0.00947515 -0.00947355 
-0.00927632 -0.00927521 0.872672 2.49 
-0.00918809 -0.0201746 -0.0296725 0.664617 
-0.00459677 -0.184999 -0.100617 -0.0433976 
-0.445654 -9.4148e-05 -0.000249067 0 
-0.205525 -0.116264 -0.0482177 -0.155942 
-0.0464264 -0.11859 -0.0164881 -0.0635747 
-0.00368356 -0.850956 -0.00130061 -0.00118881 
0 0 0 0 
-0.854594 -0.0302413 -0.0521319 -0.00373074 
-0.12263 -0.0326815 -0.0495423 -0.73025 
-0.10252 -0.00467596 -0.0612176 -0.121235 
-0.00350855 -0.0151205 -0.00944713 -0.000680293 
-0.20894 -0.000540548 -0.963333 -0.000475161 
-0.321057 -0.013743 -0.0782758 -0.00089976 
-0.00213737 -0.440582 -0.0546385 -0.0430035 
-0.00904276 -0.000861541 -0.375809 -0.929274 
-0.00364972 -0.000993209 -0.480394 -0.19176 
-0.000989938 -0.00122166 -0.00106013 -0.000957809 
-0.00113171 -0.00120873 -0.700091 -0.0485359 
-0.118665 -0.0530638 -0.31018 -0.113185 
-0.0530451 -0.0505833 -0.0678182 -0.111299 
-0.0502814 -0.0501507 -0.0502318 -0.0684055 
-0.0502147 -0.0500869 -0.0502048 -0.0517095 
-0.0501374 -0.0501324 -0.0502113 -0.0468047 
-0.0481468 -0.0501341 -0.0501215 -0.0501391 
-0.0501618 -0.0628538 -0.0502259 -0.0501587 
-0.0401169 -0.0453682 -0.143994 -0.0616468 
-0.0160226 -0.287073 -0.452281 -0.093624 
-0.0662987 -0.000411834 0 -0.91089 
-0.0688661 -0.0142821 -0.0645337 -0.186016 
-0.0142187 -0.0140561 -0.0141869 -0.0222846 
-0.0139459 -0.0135843 -0.0140044 -0.0139482 
-0.0138396 -0.0137521 -0.0137918 -0.0129653 
-0.0136295 -0.0154368 -0.0136575 -0.0134459 
-0.0131281 -0.0129097 -0.0301847 -0.0129921 
-0.0127542 -0.0119453 -0.0127914 -0.0127576 
-0.0126328 -0.0117407 -0.0246389 -0.0126757 
-0.0123923 -0.0115359 -0.0316534 -0.0123248 
-0.0121906 -0.0121087 -0.011331 -0.012141 
-0.0119097 -0.187295 -0.0118783 -0.0119417 
-0.0117693 -0.769613 -0.0480788 -0.0498138 
0 0 0 0 
-0.8041 -0.0102174 -0.0374304 -0.0103036 
-0.0103019 -0.0102831 -0.010299 -0.010271 
-0.0102919 -0.0102863 -0.0103203 -0.0103241 
-0.0102487 -0.0101698 -0.0101912 -0.0102089 
-0.0100558 -0.00991657 -0.0100586 -0.0100795 
-0.00999558 -0.128847 -0.00382642 -0.136231 
-0.00943057 -0.00935977 -0.00942249 -0.746336 
-0.00943772 -0.0143736 -0.00945465 -0.105987 
-0.00928086 2.49022 0.877964 0.656613 
0.878098 -0.0548584 -0.00900959 2.49044 
-0.00120192 -0.30041 -0.000839047 -0.0278403 
-0.237843 -9.22745e-05 0 -0.346127 
-0.0592142 -0.0011388 -0.00130229 -0.658111 
-0.00121663 -0.00122525 -0.00134497 -0.106052 
-0.00116914 -0.00105315 -0.0011028 -0.00106268 
-0.000959859 -0.00096438 -0.725088 -0.000953702 
-0.11748 -0.470834 -0.00720613 -0.000961708 
0 0 0 0 
-0.858558 -0.000559021 -0.00842264 -0.000622243 
-0.000612741 -0.00060615 -0.00060166 -0.000621887 
-0.000596718 -0.000536595 -0.246101 -0.0004992 
-0.0233854 -0.218459 -0.0106368 -0.000825738 
-0.00686769 -0.742624 -0.0181921 -0.0519752 
0 0 0 0 
-0.952527 -0.000457422 0 -0.000397698 
-0.324553 -0.000827533 -0.000981902 -0.000808628 
-0.0702096 -0.000803051 -0.000985061 -0.000793658 
-0.000839224 -0.00297049 -0.000879363 -0.841264 
-0.0679076 -0.0119864 -0.030547 -0.0119563 
-0.0453054 -0.0284068 -0.0313281 -0.0830254 
-0.0583752 -0.0481026 -0.050084 -0.052585 
-0.0500434 -0.0500613 -0.0500533 -0.0481588 
-0.0500668 -0.0501017 -0.0501033 -0.0500901 
-0.0501849 -0.0536962 -0.0513251 -0.133288 
-0.0389572 -0.0445067 -0.0388692 -0.0667369 
-0.00912204 -0.710069 -0.0999519 -0.847924 
0 0 0 0 
-0.447759 -0.000930463 -0.00091159 -0.833146 
-0.278061 -0.0138365 -0.0139378 -0.110877 
-0.0138298 -0.0137608 -0.0137684 -0.0138135 
-0.0136076 -0.0127617 -0.0136591 -0.013578 
-0.0134078 -0.012558 -0.0133672 -0.013379 
-0.0132401 -0.0123539 -0.0131417 -0.222066 
-0.0129517 -0.0129226 -0.0121497 -0.0129232 
-0.0127588 -0.0127188 -0.0120218 -0.0127194 
-0.0125752 -0.0827915 -0.0124867 -0.0125887 
-0.0120546 -0.0120659 -0.0120675 -0.202795 
-0.0119925 -0.0120212 -0.0120268 -0.012045 
-0.0120615 -0.194411 -0.121621 -0.0120254 
-0.00359629 -0.00341548 -0.756479 -0.00342705 
-0.139477 -0.0103917 -0.246205 -0.0103629 
-0.0103193 -0.0103372 -0.0103129 -0.0103359 
-0.0103029 -0.0102865 -0.0103067 -0.034562 
-0.0101985 -0.0102017 -0.0101873 -0.0101955 
-0.0101465 -0.21102 -0.010153 -0.0101672 
-0.00035566 -0.766231 0 0 
0 0 0 0 
-0.849319 -0.00843988 -0.00840185 2.49111 
2.49089 -0.0847859 0.664813 -0.00852816 
2.49067 -0.0314037 -0.00878638 -0.563939 
-0.00112649 -0.302754 -0.0139279 -0.183976 
-0.247599 -0.802267 0 -0.000135043 
0 0 0 0 
-0.812597 -0.000688396 -0.000695056 -0.000597804 
-0.159343 -0.000908986 -0.000982993 -0.000897793 
-0.000914066 -0.000835411 -0.000911726 -0.000871316 
-0.000836116 -0.168761 -0.000900453 -0.000849184 
-0.00072253 -0.000702998 -0.835763 -0.000672338 
-0.199733 -0.000702447 -0.310517 -0.000723873 
-0.000636227 -0.000657035 -0.000655433 -0.000617509 
-0.000637918 -0.000644254 -0.104535 -0.000640314 
-0.000700127 -0.139795 -0.000762926 -0.000713217 
-0.000551949 -0.203439 -0.0029553 -0.000586128 
-0.0347203 -0.000380999 -0.854816 -0.00862136 
-0.015493 -0.000568416 -0.204759 -0.000614912 
-0.009001 -0.0007324 -0.219253 -0.000718883 
-0.000719105 -0.466126 -0.000803781 -0.0746582 
0 0 0 0 
-0.470834 -0.0132376 -0.0119394 -0.190432 
-0.0764796 -0.0479879 -0.0673892 -0.911728 
-0.0479739 -0.0479491 -0.0480197 -0.174208 
-0.0610501 -0.0499187 -0.049942 -0.0482701 
-0.0499604 -0.0499648 -0.0499859 -0.0499672 
-0.0498948 -0.224772 -0.0498305 -0.0498557 
-0.0280661 -0.947224 -0.0790681 -0.024976 
0 0 0 0 
0 -0.697568 0 -9.04382e-05 
0 0 0 0 
-0.834415 -0.0137106 -0.0137725 -0.0145651 
-0.0137807 -0.0214635 -0.0138044 -0.0164248 
-0.0135567 -0.0134662 -0.0135009 -0.041845 
-0.0258626 -0.153337 -0.0134521 -0.135369 
-0.0128166 -0.0127474 -0.0128572 -0.784731 
-0.0128057 -0.0127982 -0.012872 -0.226424 
-0.012762 -0.0127171 -0.0127188 -0.0810393 
-0.0126759 -0.180545 -0.0126315 -0.176987 
-0.000177815 -0.00303633 0 -0.899797 
-0.305866 -0.0120511 -0.0120326 -0.125581 
-0.0120284 -0.0194503 -0.0120589 -0.117299 
-0.00359121 -0.0400025 -0.00357756 -0.643614 
-0.146428 -0.171061 -0.010371 -0.0953343 
-0.0731866 -0.0528806 -0.0103403 -0.793685 
-0.0487774 -0.00993041 -0.0100673 -0.0100698 
-0.0101016 -0.010152 -0.0101416 -0.0101358 
-0.0101655 -0.150715 -0.0101876 -0.0102049 
0 -8.17907e-05 0 -0.650794 
0 -8.17907e-05 -0.751408 -8.17907e-05 
-0.124539 -0.0923845 -0.00829735 2.49133 
0.657267 -0.603032 -0.00844066 -0.0281118 
0 0 0 0 
0 -0.445288 0 0 
-0.206625 -8.34514e-05 -0.000113642 -0.000135535 
-0.000134519 -0.000492496 -0.660543 0 
-0.156919 -0.000675476 -0.000594402 -0.000611172 
-0.000750275 -0.000786962 -0.0960198 -0.00072657 
-0.000822256 -0.000830206 -0.000803477 -0.0722403 
-0.000789565 -0.000794779 -0.100229 -0.177023 
-0.000734554 -0.000707566 -0.000723913 -0.0776296 
-0.000693519 -0.000662475 -0.000663335 -0.000685701 
-0.000670791 -0.0328534 -0.000618677 -0.00064078 
-0.000601497 -0.000608681 -0.0445636 -0.000592816 
-0.000598027 -0.000634391 -0.000667042 -0.000610424 
-0.000604437 -0.000549357 -0.000573316 -0.000576019 
-0.000566354 -0.000548088 -0.0122717 -0.000530843 
-0.000611034 -0.000631313 -0.138286 -0.000585784 
-0.000653945 -0.000601479 -0.000638213 -0.184242 
-0.000628053 -0.110194 -0.000644254 -0.45685 
-0.000562129 -0.344085 -0.452281 -0.00044126 
-0.000294722 -0.915319 0 -9.22745e-05 
0 0 0 0 
-0.820255 -0.0561916 -0.0480378 -0.0497304 
-0.100475 -0.0498587 -0.0498581 -0.0482516 
-0.0499336 -0.0502519 -0.049917 -0.0499457 
-0.0498285 -0.0497722 -0.0497431 -0.0497744 
-0.0497195 -0.702548 -0.0825406 -0.0497078 
0 0 0 0 
-0.452281 -0.452281 -0.182401 -0.0341481 
0 0 0 0 
-0.443281 -0.0269898 -0.101474 -0.0205915 
-0.0323966 -0.000777045 -0.000888027 -0.673681 
-0.165426 -0.00978959 -0.00972283 -0.156934 
-0.00975536 -0.625856 -0.0102448 -0.0362119 
0 0 0 0 
-0.864787 -0.00359611 -0.00324991 -0.00377151 
-0.166873 -0.131932 -0.00798236 -0.0073664 
-0.0570284 -0.881413 -0.00373195 -0.00305378 
0 0 0 0 
-0.606961 -0.0106755 -0.0107464 -0.00968932 
-0.0106342 -0.586076 -0.0106098 -0.00935156 
0 0 0 0 
-0.793685 -0.409035 -0.000450852 -0.0558556 
0 0 0 0 
-0.381248 -0.0103527 -0.0223535 -0.0690738 
-0.0102818 -0.0102722 -0.0102124 -0.0102324 
-0.0102629 -0.438848 -0.010256 -0.0102531 
0 0 0 0 
-0.369924 -0.00814025 -0.201586 -0.00817216 
-0.0081639 -0.0328272 -0.00820066 2.49156 
0.665732 -0.0388429 -0.00776523 -0.0077353 
-0.00769094 -0.00764719 -0.607765 -0.00772755 
-0.00757029 -0.184999 -0.169856 -0.00761583 
-0.399791 -0.000172038 0 -0.000202888 
-0.122579 -0.000393864 -0.000355489 -0.000407063 
-0.000473509 -0.000575741 -0.00053959 -0.000473128 
-0.000538137 -0.000602 -0.00066739 -0.000546455 
-0.000623907 -0.379671 -0.00063853 -0.178682 
-0.000174823 -0.5693 -0.000314008 -0.820433 
-0.130534 -0.00037507 -0.000573649 -0.949844 
-0.199571 -0.000595014 -0.000625363 -0.000576952 
-0.000619306 -0.000568814 -0.000562097 -0.00056685 
-0.000599533 -0.00053492 -0.000549241 -0.000566749 
-0.00056075 -0.000522532 -0.000578511 -0.000506295 
-0.000492825 -0.000509464 -0.000499399 -0.000490572 
-0.000503284 -0.000469745 -0.00050117 -0.00049168 
-0.000495735 -0.285046 -0.000563645 -0.000544255 
-0.000381249 -0.835773 -0.000292159 -0.00031783 
0 0 0 0 
-0.705076 -0.00776386 -0.000428737 -0.000420084 
-0.187998 -0.032244 -0.114927 -0.0113357 
-0.0470027 -0.00295461 -0.674114 -0.00110276 
-0.165914 -0.0498082 -0.0481359 -0.0550697 
-0.04821 -0.0498969 -0.0563665 -0.315428 
-0.0487356 -0.0498464 -0.0498981 -0.0498554 
-0.049854 -0.0559743 -0.049808 -0.0498524 
-0.0497482 -0.0727715 -0.0543237 -0.0497909 
-0.0368058 -0.0741729 -0.89807 -0.0267831 
-0.034065 -0.0925294 -0.0341315 -0.0339921 
-0.0445021 -0.0230863 -0.888475 -0.0245333 
-0.180791 -0.700045 -0.0797299 -0.0293048 
0 0 0 0 
-0.792777 -0.0560266 -0.00809468 -0.112063 
-0.0778394 -0.163855 -0.00775465 -0.00720754 
-0.00720803 -0.0504967 -0.671035 -0.00717267 
-0.00713882 -0.00717677 -0.126806 -0.00714766 
-0.0759666 -0.00735145 -0.00736354 -0.00739255 
-0.00738604 -0.00734886 -0.25179 -0.00737505 
-0.00738087 -0.00788353 -0.610066 -0.00734699 
-0.124711 -0.00946938 -0.010577 -0.01055 
-0.0104894 -0.0104609 -0.0104756 -0.00924938 
-0.0103796 -0.0103324 -0.805648 -0.0103571 
-0.0103413 -0.155593 -0.0392378 -0.0161103 
-0.0293438 -0.0108019 -0.780907 0 
-0.180654 -0.0101805 -0.0102586 -0.0102425 
-0.0102373 -0.0102007 -0.010217 -0.0463593 
-0.023336 -0.0614482 -0.0102959 -0.127029 
-0.00832157 -0.00826886 -0.373661 -0.149808 
-0.00816207 -0.00807816 -0.00815098 -0.0304957 
-0.00803459 -0.00799122 -0.00796518 2.49178 
-0.00790664 -0.00787067 -0.0177482 0.173688 
-0.00780581 -0.0533791 -0.00780219 -0.111177 
-0.00770081 -0.283173 -0.0197878 -0.0908509 
-0.206625 -0.000474322 -0.0776767 -0.0769007 
-0.000414329 -0.000355067 -0.000360618 -0.000337631 
-0.000425299 -0.000385224 -0.000453483 -0.000381445 
-0.000411899 -0.000423278 -0.000370536 -0.000360648 
-0.000314853 -0.820772 -0.000382822 -0.000375516 
0 0 0 0 
0 0 0 0 
-0.470834 -0.000473087 -0.000499745 -0.00045298 
-0.000451467 -0.000486339 -0.000509825 -0.000444018 
-0.000488736 -0.000510204 -0.000542946 -0.00050029 
-0.000501388 -0.000454057 -0.000485578 -0.000433877 
-0.000458057 -0.00041855 -0.00040794 -0.000353223 
-0.000448967 -0.000447174 -0.000440063 -0.000414643 
-0.000419593 -0.000422874 -0.000511369 -0.000475701 
-0.000329163 -0.000343775 -0.000363565 -0.00045148 
0 -0.000317065 -0.910125 -0.000258722 
-0.405098 -0.000521822 -0.000401988 -0.000521812 
-0.0533794 -0.000671143 -0.012931 -0.000663336 
-0.0219919 -0.00293288 -0.00104352 -0.000931347 
-0.00251026 -0.306678 -0.00678828 -0.0918169 
-0.0683616 -0.0497505 -0.0498287 -0.939837 
-0.0498197 -0.049867 -0.0498049 -0.109184 
-0.0498622 -0.0498344 -0.0498402 -0.0873241 
-0.0497759 -0.0641989 -0.049785 -0.0498057 
-0.0471198 -0.00672556 -0.169243 -0.0470938 
-0.0411564 -0.0654934 -0.0568467 -0.00650825 
-0.0345426 -0.0331824 -0.143402 -0.0259223 
-0.0332632 -0.18607 -0.0424421 -0.0525787 
-0.000319547 -0.000265329 -0.94417 0 
-0.101611 -0.00706474 -0.00707303 -0.00711449 
-0.00714776 -0.00713653 -0.00712783 -0.00718509 
-0.0071847 -0.00716728 -0.0071846 -0.007194 
-0.0072203 -0.00728296 -0.00721768 -0.00726365 
-0.00731735 -0.0073429 -0.00732229 -0.00738258 
-0.00732884 -0.00737613 -0.00736202 -0.0073166 
-0.00733434 -0.00756213 -0.00737862 -0.612824 
-0.128335 -0.0100769 -0.0105422 -0.128163 
-0.0104711 -0.0513416 -0.0104494 -0.00902947 
-0.0102518 -0.0102914 -0.142587 -0.0217474 
-0.128982 -0.0103303 -0.0283578 -0.0102967 
-0.0102756 -0.0102577 -0.0276943 -0.373661 
-0.0102291 -0.0102438 -0.0102603 -0.0365611 
-0.0102142 -0.136342 -0.0101856 -0.177947 
-0.000241613 -7.77821e-05 0 -0.755831 
-0.000167407 -0.00216411 -0.00137172 -0.757495 
-0.091483 0.47095 -0.0145949 -0.00939969 
-0.00779799 0.306349 -0.00788577 2.492 
1.51748 -0.00776981 -0.00779979 -0.00776496 
-0.00773227 -0.0570244 -0.00765165 -0.369924 
0 -0.364063 -0.000148494 -7.397e-05 
-0.327896 -0.000124751 -0.000242628 0 
-0.000167125 -0.000176653 -0.000337264 -0.00019784 
-0.000217397 -0.000302717 -0.000353061 -0.658111 
-0.155325 -0.000367602 -0.000352092 -0.000286805 
-0.000368785 -0.000395415 -0.25837 -0.000308336 
-0.000399571 -0.199625 -0.41734 -0.000347861 
-0.000201036 -0.000338355 -0.720028 -0.000266859 
-0.000361889 -0.000390044 -0.000369693 -0.000365253 
-0.000369614 -0.000343976 -0.000396521 -0.000357245 
-0.000427055 -0.000429169 -0.000467408 -0.000392497 
-0.000468508 -0.265331 -0.000460417 -0.199656 
-0.0002884 -0.000269795 -0.000305184 -0.831694 
-0.193731 -0.000426374 -0.000409015 -0.000462185 
-0.000425091 -0.00049318 -0.000446856 -0.000402051 
-0.000492265 -0.000495933 -0.000463966 -0.000374985 
-0.000543652 -0.0184114 -0.285046 -0.000494525 
-0.000574484 -0.000598065 -0.000513964 -0.0273005 
-0.000611471 -0.000599041 -0.00065336 -0.0006022 
-0.000755334 -0.000827041 -0.000812602 -0.000779276 
-0.000836631 -0.697568 -0.00108703 -0.0471699 
0 0 0 0 
-0.89068 -0.0226399 -0.0139751 -0.0462137 
-0.14652 -0.0497073 -0.0497916 -0.0497788 
-0.0897766 -0.0497784 -0.0497587 -0.0497509 
-0.0497802 -0.0622784 -0.12621 -0.297836 
-0.0435387 -0.00629754 -0.0429947 -0.0766214 
-0.0425336 -0.00615085 -0.0891834 -0.0637273 
-0.040113 -0.00645912 -0.0436899 -0.0701187 
-0.0718525 -0.0072454 -0.536301 -0.00727322 
-0.00717472 -0.00715289 -0.0438544 -0.0071857 
-0.00718129 -0.00714156 -0.00715737 -0.00716251 
-0.00722062 -0.00725146 -0.00720426 -0.00719457 
-0.00730965 -0.00733418 -0.00731718 -0.00728183 
-0.00738748 -0.00736097 -0.00737667 -0.00737132 
-0.00731111 -0.624735 -0.00734144 -0.00733915 
0 0 0 0 
-0.728835 -0.00851548 -0.00872728 -0.00836847 
-0.170246 -0.00882939 -0.0207277 -0.0088119 
-0.00880846 -0.0091069 -0.0361467 -0.00874533 
-0.018828 -0.409035 -0.0103696 -0.057412 
0 0 0 0 
-0.617213 -0.0836222 -0.00610541 -0.00570235 
-0.00565155 -0.72725 -0.00600874 -0.00560405 
0 0 0 0 
0 0 0 0 
-0.366225 -0.00134815 -0.00263217 -0.028232 
-0.00773999 -0.00768571 -0.00769148 2.49222 
-0.00764601 -0.366225 -0.00770591 -0.00767093 
0 0 0 0 
0 -0.184999 0 0 
-0.206625 0 0 -8.26169e-05 
-8.26169e-05 0 0 -0.00019784 
0 0 0 0 
-0.413167 -0.000205886 -0.00026218 -0.000249161 
-0.000135671 -0.000206678 -0.000418577 -0.00028242 
-0.000277194 -0.000261043 -0.00033084 -0.00028573 
-0.000319243 -0.000323505 -0.000281048 -0.000280195 
-0.000345865 -0.00040753 -0.000351371 -0.000358276 
-0.000434563 -0.0711198 0 -0.00029939 
-0.000369405 -0.188732 -0.000312189 -0.000301984 
-8.34514e-05 -0.850597 -0.000157024 0 
0 0 0 0 
0 -0.000451408 -0.000336698 -0.000122223 
-0.000282406 -0.000369282 -0.000327576 -0.000347296 
-0.000357572 -0.000207541 -0.000511914 0 
-0.000396308 -0.0459015 -0.00046873 -0.000391793 
-0.000179972 0 -0.00048412 -0.0396899 
-0.0269042 -0.000567986 -0.000611841 -0.000540151 
-0.000647443 -0.000639866 -0.000751053 -0.000601726 
-0.00062296 -0.108949 -0.000693316 -0.178988 
-0.000242238 -0.000127244 -0.692596 -0.697568 
-0.178793 -0.0275265 -0.110649 -0.346822 
-0.153287 -0.0706392 -0.0498412 -0.0735096 
-0.0496812 -0.0946866 -0.0496392 -0.0496957 
-0.0333383 -0.0335788 -0.0335321 -0.919665 
-0.205336 -0.0837711 -0.028115 -0.367858 
-0.0359516 -0.105203 -0.0358522 -0.0441111 
-0.0222354 -0.0695852 -0.0145649 -0.830301 
-0.00956914 -0.00725162 -0.00728207 -0.106245 
-0.00714796 -0.00713943 -0.00864128 -0.00712099 
-0.00714244 -0.00710144 -0.00708292 -0.00709915 
-0.00718481 -0.00725494 -0.00720057 -0.00722175 
-0.00734411 -0.00736037 -0.00735701 -0.00734621 
-0.00749027 -0.0074731 -0.00747038 -0.00750638 
-0.00765567 -0.163441 -0.133544 -0.00764726 
-0.00780415 -0.00792708 -0.769613 -0.00783085 
-0.18651 -0.00840848 -0.00842124 -0.00837584 
-0.00859326 -0.00863064 -0.00867633 -0.00859435 
-0.0087124 -0.00878722 -0.00876482 -0.00873117 
-0.00888024 -0.14484 -0.00894028 -0.140679 
-0.00653684 -0.00560125 -0.783597 -0.00562352 
-0.00571857 -0.00573951 -0.130971 -0.00570742 
-0.00573948 -0.0111299 -0.00568471 -0.00570126 
-0.00584526 -0.00585363 -0.341346 -0.0205429 
-0.00596121 -0.0286334 -0.612594 -0.206799 
-0.0154934 1.50855 0 -0.00133346 
-0.0085954 -0.0075436 0.484502 2.49244 
0.46951 -0.113856 -0.00764228 -0.00759696 
-0.000127899 -0.000178876 -0.584772 0 
0 -0.198483 0 -0.000119455 
-0.206625 0 -8.26169e-05 -8.26169e-05 
-8.26169e-05 -8.26169e-05 -0.000132628 -0.000134519 
-8.26169e-05 0 -0.655661 0 
-0.15374 -0.00018453 -0.000169521 -0.000206292 
-0.00023762 -0.000262893 -0.00031247 -0.000222049 
-0.000264849 -0.000277636 -0.000279343 -0.000227896 
-0.000286086 -0.000275437 -0.000285635 -0.00024194 
-0.000296362 -0.000336604 -0.000279501 -0.000286291 
-0.000277141 -0.000297184 -0.0428468 -0.000300972 
-0.000288042 -0.000242519 -0.000253123 -0.00025879 
-0.000167355 -0.000212862 0 -0.000191289 
-0.000173595 -0.000130544 -0.41734 -0.000139362 
-0.0001771 -0.0003224 -0.000179735 -0.000179254 
-0.000295467 -0.447759 -0.000305395 -0.00029829 
0 0 0 0 
-0.697568 -0.000319349 -0.0310359 -0.000302168 
-0.000299466 -0.000395582 -0.000387772 -0.70503 
-0.000417029 -0.000495881 -0.000532786 -0.000426245 
-0.000487284 -0.000460817 -0.000513022 -0.000493652 
-0.000408834 -0.452281 -0.00051153 -0.000380988 
0 0 0 0 
-0.452281 -0.00366161 -0.00262459 -0.899915 
-0.117382 -0.0497173 -0.0497634 -0.112313 
-0.0497803 -0.702548 -0.0555061 -0.452281 
0 0 0 0 
-0.892869 -0.192338 -0.0161221 -0.0535358 
-0.0965565 -0.888689 -0.10442 -0.0833393 
0 0 0 0 
-0.883453 -0.00284436 -0.00281125 -0.00288581 
-0.250402 -0.00703451 -0.00701173 -0.00701307 
-0.00698256 -0.00704098 -0.00698281 -0.00697453 
-0.00713765 -0.00713965 -0.00716028 -0.00712004 
-0.00731084 -0.00730934 -0.00735544 -0.00731642 
-0.00751772 -0.00757312 -0.00752137 -0.00752378 
-0.00773213 -0.00773783 -0.00775373 -0.00773115 
-0.0079453 -0.00801128 -0.00795715 -0.00794918 
-0.00816281 -0.00820594 -0.00817906 -0.00816299 
-0.00838028 -0.00839083 -0.00847633 -0.00838136 
-0.0085857 -0.135793 -0.00861311 -0.150682 
-0.00639847 -0.00557211 -0.00626951 -0.752092 
-0.00561433 -0.00559976 -0.229182 -0.00560348 
-0.0055971 -0.00562742 -0.00559866 -0.00562804 
-0.005627 -0.00566068 -0.00560154 0.668033 
-0.00580046 -0.0910276 -0.00924013 2.49333 
2.49311 0.485848 -0.00606049 -0.763853 
2.49289 0.485682 0.433493 -0.120873 
2.49267 -0.00755479 -0.00744672 -0.0424795 
-0.0207598 -0.0328176 -0.00766424 -0.0180185 
-0.000261319 -0.00015611 0 -0.0735237 
-7.32303e-05 -0.184999 0 -0.000170691 
0 -0.000113332 -8.26169e-05 -8.26169e-05 
-0.000134519 -0.000165234 -0.000165234 -0.000132628 
-0.000113332 0 0 -0.000134519 
-8.26169e-05 0 -0.000113332 -0.000162845 
-0.000165234 -8.26169e-05 -0.00019781 0 
-0.000139432 -0.000165234 -0.000240975 -0.000207479 
-0.000203825 -0.000266061 -0.00020387 -0.000201548 
-0.000220199 -0.000246253 -0.000290592 -0.000236864 
-0.000226171 -0.000219899 -0.000266189 -0.000231681 
-0.000237165 -0.000231826 -0.000250286 -0.000235854 
-0.000263522 0 -0.000178193 -0.194712 
-6.11117e-05 -0.000125607 -8.34514e-05 -0.000126024 
-0.000150646 -0.000179432 -0.000158742 -0.000140288 
-0.000142994 -0.000277157 -0.000268601 -0.000179972 
-0.000125607 0 -0.447759 -0.000312537 
-0.000215288 -0.452281 -0.182315 -0.000266819 
0 0 0 0 
-0.45685 -0.000356062 -0.00040965 -0.000341052 
-0.000364487 -0.0003444 -0.000421842 -0.000396302 
-0.000340487 -0.000312675 -0.000251638 -0.000292771 
-0.000312125 0 -0.452281 0 
0 0 0 0 
-0.705214 0 0 -8.95338e-05 
0 0 0 0 
-0.803674 -7.32303e-05 0 -0.000102735 
-0.232126 -0.000720704 -0.108696 -0.000154413 
-0.195708 -0.0564643 -0.25866 -0.447759 
-0.0565025 -0.0610494 -0.769026 -0.176902 
-0.151821 -0.00355443 -0.111089 -0.0914318 
-0.0649909 -0.00690649 -0.00694385 -0.0136773 
-0.00683715 -0.00683378 -0.00683707 -0.00678197 
-0.00694651 -0.00702068 -0.00695251 -0.00694222 
-0.00713178 -0.00717474 -0.00720446 -0.00712919 
-0.00732437 -0.00734362 -0.00738611 -0.00732185 
-0.00752973 -0.00762439 -0.00764154 -0.00753134 
-0.00774316 -0.00774385 -0.00775474 -0.00774891 
-0.00795524 -0.00804529 -0.00801808 -0.00795945 
-0.00816796 -0.175176 -0.00821 -0.00816619 
-0.000473062 -0.873198 -0.000350029 -0.00110636 
0 0 0 0 
-0.636286 -0.00553954 -0.00556095 -0.00568006 
-0.00553881 0.668066 -0.00551516 -0.0744651 
-0.00541665 -0.00544794 -0.00551561 2.49378 
2.49356 -0.558678 -0.00564153 0.277499 
0 0 0 0 
-0.736881 -0.00432415 -0.00435578 -0.00425952 
-0.0611662 -0.0253241 -0.0049312 -0.00434061 
-0.0575374 0 -0.000417634 -0.000296201 
0 -6.82555e-05 -6.89449e-05 -0.568469 
-0.0001165 0 -9.03352e-05 -0.000115546 
0 -0.000113332 0 -8.26169e-05 
0 0 -0.00019784 0 
-8.26169e-05 -0.000203825 0 0 
-0.000124751 -0.00019784 0 -0.000108377 
0 -0.000165544 -8.26169e-05 -8.26169e-05 
-8.26169e-05 -0.000187065 -0.000200927 -8.26169e-05 
-0.000170523 -0.000181286 -0.000218497 -0.000178695 
-0.000236249 -0.000165544 -0.000221752 -8.38316e-05 
-0.000230652 -0.0307774 0 -8.26169e-05 
0 -9.4148e-05 -0.000157804 -0.0831458 
0 0 0 -0.797156 
-0.18979 0 -6.11117e-05 0 
0 -0.000222581 -8.95338e-05 0 
-8.95338e-05 0 -0.000211311 -0.000179972 
-0.000211676 -0.000226637 -0.000253547 -0.000161617 
-0.000214748 -0.00023736 -0.000179068 -0.000189351 
-0.000175238 -0.000159171 -0.687724 -0.000208827 
-0.175219 -0.000306552 -0.000314909 -0.000280965 
-0.000284857 -0.000335889 -0.000356145 -0.000303957 
-0.000289722 -0.400895 -0.000259498 -0.000276893 
0 0 0 0 
0 -9.6723e-05 -0.64307 -9.23602e-05 
0 0 0 -0.0138401 
0 0 0 0 
0 0 -0.000133259 0 
0 0 -9.73624e-05 0 
0 0 0 0 
-0.816918 -0.0202073 -0.0180372 -0.00583426 
-0.115771 -0.00607352 -0.0451563 -0.00593777 
-0.0511042 -0.00640945 -0.0281322 -0.00638024 
-0.00657902 -0.00658741 -0.00667081 -0.0065769 
-0.00675956 -0.00681047 -0.00677863 -0.00675632 
-0.00694163 -0.00702543 -0.00699353 -0.00693842 
-0.00711685 -0.00712532 -0.00712384 -0.00711193 
-0.00732969 -0.00741551 -0.00739836 -0.0281142 
-0.00754631 -0.00755544 -0.00763404 -0.0399738 
-0.00775835 -0.207398 -0.00776816 -0.0173468 
-0.00796184 -0.0508552 -0.0684726 -0.783372 
-0.116334 -0.00590772 -0.184652 -0.0290247 
-0.0914845 -0.0120679 -0.396887 -0.00599382 
-0.0060072 -0.0234887 -0.141894 -0.0113373 
-0.0164901 1.16037 -0.00532225 -0.096106 
0.176242 0.155505 -0.00526241 2.494 
-0.00476092 -0.0998426 1.51973 -0.00459964 
-0.000432282 -0.000314323 0 -0.760631 
-0.13225 -0.00434306 -0.00433608 -0.124502 
-0.0043261 -0.00429266 -0.00430534 -0.00431941 
-0.00430235 -0.366225 -0.0248285 -0.344793 
0 0 0 0 
-0.341346 0 -8.92201e-05 0 
0 0 -8.26169e-05 0 
0 0 0 0 
0 0 0 -8.26169e-05 
0 0 0 -0.000201868 
-8.26169e-05 0 0 -0.000134519 
-8.26169e-05 -8.34514e-05 0 -8.26169e-05 
-8.34514e-05 -8.81875e-05 -0.000187404 -8.26169e-05 
-0.000121009 -0.000132492 0 -6.11117e-05 
-8.26169e-05 0 0 -6.11117e-05 
0 -0.299538 0 -0.59254 
0 0 0 0 
0 0 0 0 
0 0 -8.95338e-05 0 
-8.95338e-05 0 0 -0.000233215 
0 -0.000113597 -8.09728e-05 -0.000193667 
0 -0.000126874 -0.000243256 -0.000203131 
-0.000200131 -0.00023656 -0.000161043 -0.000205782 
-0.000204147 -0.000206527 -0.000291168 -0.000211861 
-0.000228952 -0.000240824 -0.000272471 0 
-0.000232566 -0.000172263 -0.00014758 -0.000168367 
-0.000127244 -9.04382e-05 0 -0.400895 
0 -0.00911465 -0.0676117 -0.000184017 
-0.0332697 -8.95338e-05 0 -0.00022007 
0 -8.95338e-05 0 0 
0 0 -8.95338e-05 0 
0 0 0 0 
-0.396887 -0.0232769 -0.645942 -0.0597101 
-0.116727 -0.0058128 -0.00583204 -0.00579326 
-0.00598149 -0.0060075 -0.00598812 -0.0059786 
-0.00617838 -0.00620534 -0.00620729 -0.00617726 
-0.00637164 -0.00647111 -0.00646503 -0.00637657 
-0.00655928 -0.00665711 -0.00665599 -0.00655863 
-0.00675629 -0.00679833 -0.00685456 -0.0735484 
-0.00689827 -0.00689313 -0.0069725 -0.198765 
-0.0620161 -0.00667506 -0.00673602 -0.00667462 
-0.00649 -0.0898691 -0.00680196 -0.00646037 
-0.00632136 -0.610786 -0.00648326 -0.033705 
0 0 0 0 
-0.605424 -0.00584052 -0.00582261 -0.0569534 
-0.00587622 -0.00588538 -0.00585903 -0.00588514 
-0.00579177 -0.146242 -0.00582664 -0.0229631 
-0.00493117 -0.00496622 -0.00496592 -0.778175 
-0.00498963 -0.125907 -0.00499267 2.49422 
-0.0045454 -0.607765 -0.00459112 -0.00459542 
0 0 0 0 
-0.605386 -0.00425442 -0.00428813 -0.00423131 
-0.00429299 -0.341346 -0.0042694 -0.00427396 
0 0 0 0 
-0.561723 -6.75729e-05 0 0 
0 -0.169 0 0 
0 0 0 0 
0 0 0 0 
0 0 -8.26169e-05 -8.26169e-05 
0 -0.000210323 0 -0.413167 
-0.000134519 -0.000127706 -0.000113332 -0.000134519 
-0.000113332 -0.000113332 -8.26169e-05 -7.17731e-05 
-0.000176653 -7.17731e-05 0 0 
0 -6.11117e-05 -0.000113147 0 
-8.08495e-05 0 0 -6.11117e-05 
0 0 0 0 
0 0 0 0 
0 -0.000125972 0 -8.95338e-05 
-8.95338e-05 -0.000209768 0 -8.95338e-05 
-0.000175238 -0.000143534 -0.000215359 -0.000143534 
-0.000179972 -8.95338e-05 -0.000137882 -0.000170507 
-8.95338e-05 -0.000227416 0 -0.404945 
-0.000160812 -0.000201152 -0.000137882 -0.000142994 
-0.000142994 -8.95338e-05 0 -0.000299944 
-0.000227927 0 0 -0.000192757 
-0.000125474 -0.452281 -0.000131553 0 
0 0 0 0 
-0.344793 -0.00016294 -0.0001372 -0.0190515 
-0.00855367 -0.112637 -0.0191208 -0.00448514 
-0.000113967 -0.582586 0 -0.000194045 
0 0 0 0 
-0.671035 -0.000159786 0 -0.409035 
-0.103951 -0.00542012 -0.0111159 -0.00543281 
-0.00559825 -0.00570692 -0.00565431 -0.00560035 
-0.00579831 -0.00581899 -0.00588765 -0.00579453 
-0.00598901 -0.00604718 -0.00601888 -0.00598676 
-0.00618248 -0.00618832 -0.00627436 -0.00618002 
-0.00635739 -0.00640653 -0.00645028 -0.00635649 
-0.0063951 -0.430368 -0.00652837 -0.020085 
-0.000274455 -0.00122766 0 -0.916573 
-0.149247 -0.00645905 -0.00657079 -0.113054 
-0.00633143 -0.0215398 -0.00635102 -0.00624453 
-0.0105368 -0.0649453 -0.00613426 -0.00613218 
-0.00615144 -0.00616631 -0.636286 -0.00612387 
-0.00619428 -0.152663 -0.124136 -0.00617475 
-0.0059386 -0.0539261 -0.00584089 -0.792256 
-0.06414 -0.341346 -8.17907e-05 0 
0 0 0 0 
-0.388988 0.0608242 0.487122 2.49444 
0.816026 -0.00455716 -0.00457245 -0.00455053 
-0.00438389 -0.00439829 -0.369924 -0.00441438 
-0.00426365 -0.00430532 -0.00427666 -0.00427651 
-0.00421731 -0.104088 -0.00427279 -0.00423797 
-0.003969 -0.00398689 -0.563949 -0.00394154 
-0.00401007 -0.0753775 -0.10293 -0.00396593 
-0.000310268 -0.278657 0 -0.00010862 
0 0 0 0 
0 0 0 0 
0 0 -8.26169e-05 -0.000153815 
0 0 0 0 
0 -9.49542e-05 -8.26169e-05 -0.000127706 
-0.000147048 0 0 0 
0 0 -7.17731e-05 0 
0 0 0 0 
0 -6.11117e-05 0 0 
0 -6.11117e-05 0 -6.11117e-05 
0 0 0 -6.11117e-05 
0 -8.95338e-05 -8.95338e-05 0 
-8.95338e-05 -8.95338e-05 -0.000170664 0 
-8.95338e-05 -9.04382e-05 -0.000125972 0 
0 -0.452281 -0.000170507 0 
0 0 0 0 
0 -0.000241206 -8.95338e-05 -0.000169054 
-0.000217642 -0.000210989 -0.000179068 -0.000173631 
-0.000179068 0 -0.000169697 -0.000258441 
0 -0.000125861 0 0 
-0.000151752 -0.000120352 -0.369924 -0.749513 
-0.174376 -0.000261988 -0.000206949 0 
-0.0441428 -0.00445842 -0.00447162 -0.00447692 
-0.00446637 -0.121977 -0.113739 -0.00450547 
0 -0.600701 -0.620022 -0.000299123 
0 0 0 0 
-0.404945 -0.00529727 -0.00527376 -0.00527697 
-0.00541865 -0.00549001 -0.00546795 -0.00539347 
-0.00560644 -0.00566691 -0.00561118 -0.0117651 
-0.00581062 -0.00588602 -0.00584767 -0.00581096 
-0.00600116 -0.0060526 -0.00603918 -0.00601066 
-0.00616719 -0.00617491 -0.00624642 -0.00619132 
-0.00609965 -0.650794 -0.00622373 -0.0354498 
0 0 0 0 
-0.586076 -0.00596621 -0.00603421 -0.00599965 
-0.00603384 -0.00603763 -0.00608198 -0.00602776 
-0.00604894 -0.00610146 -0.00604158 -0.00606576 
-0.00612473 -0.141871 -0.00616835 -0.00614054 
-0.00615225 -0.396887 -0.00611737 -0.00612819 
0 0 0 0 
-0.366225 -7.47172e-05 0 -9.86061e-05 
0 -0.000115675 -0.738601 -0.000121125 
-0.123293 -0.00452931 1.19972 2.49467 
-0.00447858 -0.00440667 -0.00447584 -0.00442213 
-0.00432249 -0.00433371 -0.00431776 -0.00432979 
-0.0042445 -0.0042183 -0.00426219 -0.00421405 
-0.00411193 -0.00413214 -0.00419241 -0.00411785 
-0.00403869 -0.0040179 -0.00399908 -0.00400106 
-0.00394563 -0.00392498 -0.00397138 -0.00395472 
-0.00387933 -0.169 -0.0505303 -0.0038813 
0 0 0 0 
0 0 0 0 
0 -0.000113332 -0.000176653 -0.000165234 
-8.26169e-05 0 0 -0.000134519 
-8.26169e-05 -0.000120365 0 -7.17731e-05 
-9.49542e-05 -7.17731e-05 0 -7.17731e-05 
0 -7.17731e-05 -7.17731e-05 0 
-7.17731e-05 0 0 0 
0 0 0 0 
0 0 -6.11117e-05 0 
0 0 0 -0.30562 
0 0 0 0 
0 0 0 0 
0 0 0 0 
0 0 0 0 
0 0 0 0 
-0.443281 -0.000203269 -0.000167536 -0.000167915 
-0.000141389 -0.000231622 -0.000177815 -0.00020186 
-0.000244873 0 -0.000362034 -8.01631e-05 
0 0 0 0 
0 0 0 0 
-0.617791 -0.00447277 -0.0774425 -0.0405367 
-0.00446282 -0.00448821 -0.00445486 -0.00448717 
-0.00453321 -0.00448626 -0.00449773 -0.004501 
-0.00454524 -0.00455112 -0.132361 -0.00456185 
-0.0046162 -0.00474248 -0.597365 -0.00462894 
-0.120116 -0.00512443 -0.00512202 -0.00509224 
-0.00520835 -0.00520228 -0.00527475 -0.0051776 
-0.00518621 -0.00517021 -0.00521341 -0.0167019 
-0.00873269 -0.00590712 -0.00592542 -0.0121554 
-0.00602192 -0.00599282 -0.00602715 -0.00602013 
-0.00609164 -0.0257143 -0.00611287 -0.00606141 
-8.09728e-05 -0.17233 -0.0610637 0 
0 -0.00137013 -0.746964 -7.93614e-05 
-0.143464 -0.00594331 -0.00597369 -0.0154979 
-0.00587161 -0.00590334 -0.00590616 -0.00581054 
-0.00596031 -0.00595967 -0.00596105 -0.00595568 
-0.00607301 -0.00605561 -0.00610492 -0.00608799 
-0.00613855 -0.125907 -0.00615631 -0.0108305 
-0.00447193 -0.0040623 -0.607727 -0.00403309 
-0.00407997 -0.00410831 -0.120862 -0.00408487 
-0.0041813 -0.0042181 -0.185301 -0.004155 
-0.00432699 -0.00437075 0.487587 2.49489 
-0.00432357 -0.00432323 -0.00435493 -0.00431081 
-0.00426092 -0.0042444 -0.00430724 -0.00424269 
-0.00419769 -0.00417205 -0.00414465 -0.00414493 
-0.00410067 -0.00404496 -0.00409928 -0.0040727 
-0.00398497 -0.00400268 -0.00398028 -0.0257355 
-0.00390555 -0.00393577 -0.00390873 -0.0039163 
-0.00388143 -0.169 -0.00383435 -0.00385478 
0 0 0 0 
0 0 0 0 
0 -8.26169e-05 -0.000165234 -0.000134519 
-8.26169e-05 0 -8.26169e-05 -0.000180898 
0 0 -7.17731e-05 0 
0 0 -7.17731e-05 0 
0 0 0 0 
0 0 0 0 
0 0 0 0 
0 0 0 0 
0 0 0 0 
0 0 0 0 
0 0 0 0 
0 0 0 0 
0 0 0 0 
0 -0.000109081 -0.400895 0 
-0.000131409 -8.77521e-05 -0.000180415 -8.01631e-05 
-0.00013626 -0.000170758 -0.000122754 -0.00013626 
-0.00018155 -8.01631e-05 -0.000182453 0 
-8.01631e-05 0 0 0 
0 -0.000437516 -0.717297 -0.000170476 
-0.175667 -0.00437333 -0.0667488 -0.0043742 
-0.00443177 -0.00445607 -0.00441366 -0.00443231 
-0.00448549 -0.0044929 -0.00450482 -0.00449877 
-0.00456631 -0.00464864 -0.00455936 -0.00461059 
-0.00472031 -0.00472164 -0.00471754 -0.00472894 
-0.00488722 -0.00494289 -0.00498082 -0.0048847 
-0.00498814 -0.00654264 -0.00502656 -0.00496291 
-0.000734617 -0.000722289 -0.0125841 -0.0379614 
-0.021276 -0.00154884 -0.000824346 -0.641146 
-0.145017 -0.00603641 -0.00607155 -0.00607692 
-0.00610792 -0.141973 -0.0128798 -0.0530613 
0 -0.000230058 0 -0.636286 
-7.93614e-05 -0.000193086 -0.000159536 -0.0607818 
-0.034253 -0.00548165 -0.0055758 -0.00537581 
-0.00559331 -0.00562316 -0.00566229 -0.00559246 
-0.00578705 -0.00580177 -0.00584642 -0.620332 
-0.132646 -0.0106971 -0.00613483 -0.123756 
-0.00424789 -0.00405883 -0.00439536 -0.0209599 
-0.00403417 -0.00399862 -0.00400088 -0.00401175 
-0.00400735 -0.00404484 -0.00400182 -0.00402858 
-0.0040725 -0.0040339 -0.00403896 0.442714 
0.044736 -0.00414866 0.487811 2.49511 
0.669385 -0.00422534 -0.00423697 -0.122026 
-0.00421646 -0.00417602 -0.00418901 -0.341346 
-0.00410172 -0.0040824 -0.00412957 -0.106078 
-0.00401287 -0.0375848 -0.00401926 -0.00396894 
-0.00393038 -0.104963 -0.00391034 -0.0578529 
-0.00384966 -0.0038068 -0.00387367 -0.566198 
-0.00378981 -0.165637 -0.00375905 -0.00378015 
0 0 0 0 
0 0 0 -8.26169e-05 
-8.26169e-05 -8.26169e-05 -0.000153815 0 
-0.000160988 -8.26169e-05 -0.000113332 -8.26169e-05 
-8.26169e-05 0 0 -8.26169e-05 
0 0 0 0 
0 0 0 0 
0 0 0 0 
0 0 0 0 
0 0 0 0 
0 0 0 0 
0 0 0 0 
0 0 0 0 
0 0 0 0 
0 0 0 0 
0 0 0 0 
0 -8.01631e-05 -8.01631e-05 0 
-8.01631e-05 -8.77521e-05 -8.01631e-05 0 
0 0 0 -0.438848 
0 0 0 -0.0904155 
-0.0407764 -0.00439314 -0.107089 -0.0418924 
-0.00438509 -0.00443645 -0.0263546 -0.00439301 
-0.00442982 -0.00443754 -0.00440936 -0.00445261 
-0.00446005 -0.00446301 -0.00446341 -0.00445531 
-0.00454418 -0.004615 -0.004551 -0.00456737 
-0.00466303 -0.00463682 -0.00464393 -0.00464021 
-0.0047396 -0.00476601 -0.0047342 -0.00472548 
-0.00477732 -0.00479288 -0.00482536 -0.00474845 
-0.00479339 -0.636286 -0.021136 -0.404945 
0 0 0 0 
-0.645942 -0.0528217 -0.00609733 -0.00609484 
-0.063362 -0.620022 -0.000568089 -7.397e-05 
0 0 0 0 
-0.629175 -0.00498671 -0.0303985 -0.0049897 
-0.00516951 -0.0927732 -0.00525718 -0.00515904 
-0.0414064 -0.620332 -0.00538229 -0.00537631 
0 0 0 0 
-0.409035 -0.000635827 -0.000741 -0.723258 
-0.163473 -0.00392751 -0.00386391 -0.304686 
-0.0039383 -0.00397737 -0.00395664 -0.0682473 
-0.00393609 -0.00392843 -0.00393109 -0.0039472 
-0.00391231 1.5211 -0.00389998 -0.00384577 
-0.00388628 -0.137677 -0.00395242 2.49533 
-9.14659e-05 -0.826906 0 -0.00110927 
0 0 0 0 
-0.715809 -0.000119455 -9.73624e-05 0 
-0.174737 -0.00383156 -0.00382355 -0.00382881 
-0.00373463 -0.598356 -0.00376381 -0.00370182 
0 0 0 0 
-0.327895 -0.149799 -0.00370409 -0.0037102 
-0.206625 -0.000113332 0 -8.26169e-05 
-0.000134519 0 0 0 
0 0 0 0 
0 -8.26169e-05 -8.26169e-05 0 
-8.26169e-05 0 -8.26169e-05 0 
0 0 0 0 
0 0 0 0 
0 0 0 0 
0 0 0 0 
0 0 0 0 
0 0 0 0 
0 0 0 0 
0 0 0 0 
0 0 0 0 
0 0 0 0 
0 0 0 0 
0 0 0 0 
0 0 0 0 
0 0 0 0 
-0.750948 -9.97786e-05 -0.000158723 -0.000123684 
-0.133732 -0.000761903 -0.0188149 -0.568469 
-0.106492 -0.00435059 -0.00434895 -0.00438345 
-0.00441699 -0.00439265 -0.00441326 -0.00439758 
-0.00445125 -0.00442007 -0.00441857 -0.00442441 
-0.00449697 -0.00448627 -0.00450136 -0.00446837 
-0.00453974 -0.00454819 -0.00455167 -0.00456053 
-0.0045968 -0.0045816 -0.00465295 -0.0045598 
-0.00456066 -0.373661 -0.00454137 -0.00453405 
0 0 0 0 
-0.773612 -0.000232345 0 -7.93614e-05 
-0.141818 -0.00756831 -0.00610688 -0.0214705 
-0.00418249 -0.00422126 -0.102645 -0.00422411 
-0.0513009 -0.00446808 -0.620022 -0.00445428 
-0.132184 -0.0048377 -0.00487895 -0.00480345 
-0.00495934 -0.0450752 -0.00497057 -0.00494481 
-0.00516101 -0.298077 -0.00526223 -0.0142117 
0 -0.632117 -0.841187 -8.01631e-05 
0 0 0 0 
-0.748456 -0.0273921 0 -0.769185 
-0.254268 -0.000173647 -7.397e-05 -0.138531 
-0.0407586 -0.00382577 -0.0038421 -0.0437365 
-0.00376322 -0.00369737 -0.00375127 -0.00369203 
-0.00369719 -0.00369166 0.488263 2.49556 
0.66987 -0.0998771 -0.222829 -0.211327 
-0.000101539 0 -0.554976 -0.369924 
0 0 0 0 
-0.341346 -0.00373606 -0.00377314 -0.0263023 
-0.00368535 -0.00364029 -0.00362181 -0.00362308 
-0.00358884 -0.00360692 -0.299538 -0.00355319 
-0.00364571 -0.149799 -0.00367453 -0.0690721 
0 0 -8.26169e-05 -8.26169e-05 
0 0 0 0 
0 0 0 0 
0 0 0 0 
0 0 0 0 
0 0 0 0 
0 0 0 0 
0 0 0 0 
0 0 0 0 
0 0 0 0 
0 0 0 0 
0 0 0 0 
0 0 0 0 
0 0 0 0 
0 0 0 0 
0 0 0 0 
0 0 0 0 
0 0 0 0 
0 0 0 0 
0 -0.396887 0 -0.0001372 
0 0 0 0 
-0.366225 -0.00431847 -0.00429801 -0.0043105 
-0.00433888 -0.00437051 -0.00435766 -0.00433186 
-0.00437844 -0.00441064 -0.00436918 -0.00437892 
-0.0044294 -0.00439096 -0.00440393 -0.004432 
-0.00444726 -0.00448164 -0.00451212 -0.00446336 
-0.0044876 -0.00444205 -0.00443843 -0.00446241 
-0.00435308 -0.00432146 -0.00442878 -0.00431863 
-0.00412785 -0.00412362 -0.396887 -0.00411194 
-0.00402235 -0.00403983 -0.144348 -0.00396313 
-0.0534767 -0.0041576 -0.00439555 -0.0041379 
-0.00426311 -0.00429888 -0.00424309 -0.00424389 
-0.00442168 -0.00448952 -0.00444162 -0.00443382 
-0.00461003 -0.00461422 -0.00463778 -0.00460671 
-0.00473513 -0.00472633 -0.00473237 -0.00472719 
-0.00462682 -0.0318755 -0.00452163 -0.00451472 
-0.0041529 -0.00401266 -0.323394 -0.00405068 
-0.00396601 -0.369924 -0.369924 -0.00400051 
0 0 0 0 
-0.84835 -7.32303e-05 -6.75729e-05 -0.341346 
-0.163741 0 -0.0001472 -0.000138672 
-0.1043 -0.00350509 -0.00360742 0.000156963 
-0.0036271 -0.169255 -0.00348988 2.49578 
0 -0.805003 -6.82555e-05 -0.000250644 
0 0 0 0 
-0.538658 0 -0.539774 -0.000136511 
-0.162838 -0.000104089 0 -0.0562421 
-0.0207444 -0.00351672 -0.00355799 -0.337932 
-0.0034535 -0.0889622 -0.00347596 -0.00342911 
0 -0.380264 -0.000251904 -0.000316153 
0 0 -8.26169e-05 0 
0 0 0 0 
0 0 0 0 
0 0 0 0 
0 0 0 0 
0 0 0 0 
0 0 0 0 
0 0 0 0 
0 0 0 0 
0 0 0 0 
0 0 0 0 
0 0 0 0 
0 0 0 0 
0 0 0 0 
0 0 0 0 
0 0 0 0 
0 0 0 0 
0 0 0 0 
-0.568469 -0.000103892 0 0 
-0.106052 0 -8.94319e-05 -7.32303e-05 
0 0 0 0 
-0.344793 -0.00423465 -0.00424023 -0.00425216 
-0.00424899 -0.00430661 -0.00429873 -0.00426018 
-0.00435522 -0.00434233 -0.00433182 -0.0359295 
-0.00435148 -0.00444122 -0.00435588 -0.383646 
-0.0585577 -0.00450809 -0.00454276 -0.00451101 
-0.00449398 -0.132237 -0.00450302 -0.123315 
-0.00417878 -0.00411442 -0.00417481 -0.620022 
-0.00400321 -0.00392802 -0.00391333 -0.00390958 
-0.00388631 -0.00386474 -0.003848 -0.00385505 
-0.00396928 -0.00397524 -0.00405128 -0.00395285 
-0.00411725 -0.00418821 -0.00413982 -0.00411083 
-0.00428205 -0.00428904 -0.00435816 -0.00429812 
-0.00443056 -0.00443036 -0.00446813 -0.00444222 
-0.00452308 -0.0045124 -0.00462502 -0.00451205 
-0.00430935 -0.0043083 -0.0043258 -0.0043054 
-0.00414289 -0.00410045 -0.00411381 -0.00410152 
-0.0040062 -0.107192 -0.00396503 -0.0039015 
-0.000164366 -0.717297 0 -0.000153097 
0 0 0 0 
-0.366225 -0.0032843 -0.0716859 -0.00321624 
-0.0033316 -0.0033211 -0.00336433 0.0490612 
-0.00334623 -0.023761 -0.00325953 2.496 
-0.0027331 -0.0727504 -0.0717048 0.178721 
-0.00262329 -0.00257049 -0.563949 -0.00257272 
-0.00250967 -0.00255545 -0.0931112 -0.00257041 
-0.00250868 -0.566198 -0.0284579 -0.00253423 
0 0 0 0 
-0.327895 -0.00326417 -0.00334394 -0.00328301 
-0.00315317 -0.254736 -0.0408431 -0.00319264 
0 0 0 0 
0 0 0 0 
0 0 0 0 
0 0 0 0 
0 0 0 0 
0 0 0 0 
0 0 0 0 
0 0 0 0 
0 0 0 0 
0 0 0 0 
0 0 0 0 
0 0 0 0 
0 0 0 0 
0 0 0 0 
0 0 0 0 
0 0 0 0 
0 0 0 0 
0 0 0 0 
0 0 0 0 
-0.366225 0 -0.000118993 0 
0 -7.32303e-05 -0.582586 -9.07481e-05 
-0.11266 -0.00422431 -0.00417808 -0.00422155 
-0.00421096 -0.00417672 -0.00422067 -0.0042238 
-0.00406583 -0.230313 -0.00416618 -0.261451 
-0.000126439 0 0 -0.889795 
-0.130862 -0.0437788 -0.00451438 -0.0384476 
-0.000404218 -0.738576 0 -0.0887541 
0 0 0 0 
-0.344793 -0.00371875 -0.00379067 -0.00369859 
-0.00369149 -0.0037125 -0.00368529 -0.0036872 
-0.00378481 -0.00380638 -0.00380973 -0.0037773 
-0.00397072 -0.0040411 -0.00401896 -0.369924 
-0.00415108 -0.00416435 -0.00422475 -0.113815 
-0.00428765 -0.00426601 -0.00434314 -0.00430671 
-0.00432443 -0.00430283 -0.00432384 -0.00430411 
-0.00414166 -0.00410293 -0.00419655 -0.00409971 
-0.00398389 -0.00390162 -0.00396105 -0.00390295 
-0.00370834 -0.00370384 -0.00378731 -0.00369838 
-0.00357256 -0.122026 -0.175367 -0.00350181 
-0.00309754 -0.00297399 -0.735677 -0.00291684 
-0.182826 -0.00311853 -0.00311512 -0.00311807 
-0.00314929 -0.00312344 -0.00318746 0.311507 
-0.00305732 -0.00303806 0.883941 2.49622 
1.16265 -0.00284361 -0.0314747 -0.00285255 
-0.00273769 -0.00267482 -0.00268143 -0.00267446 
-0.00260744 -0.00254842 -0.00254697 -0.00253062 
-0.00253559 -0.00246478 -0.00246831 -0.0025091 
-0.00240435 -0.0025944 -0.554976 -0.331207 
-0.099772 -0.00314387 -0.00321053 -0.00314623 
-0.00312967 -0.155944 -0.0415373 -0.00314346 
0 0 0 0 
0 0 0 0 
0 0 0 0 
0 0 0 0 
0 0 0 0 
0 0 0 0 
0 0 0 0 
0 0 0 0 
0 0 0 0 
0 0 0 0 
0 0 0 0 
0 0 0 0 
0 0 0 0 
0 0 0 0 
0 0 0 0 
0 0 0 0 
0 0 0 0 
0 0 0 0 
0 0 0 -7.32303e-05 
0 -0.000140869 -0.000141486 -7.32303e-05 
-0.000217464 0 0 -0.566198 
-0.105034 -0.00423141 -0.00418117 -0.112554 
-0.00417834 -0.224111 -0.0042153 -0.0123842 
0 -0.821835 0 -7.93614e-05 
0 0 0 0 
0 -0.272882 -0.000149466 -0.000151691 
0 -9.73624e-05 -0.128564 -0.741513 
-0.057076 -0.00339036 -0.369924 -0.00329599 
-0.0034885 -0.00350585 -0.00359494 -0.00348674 
-0.00351387 -0.0035093 -0.00356033 -0.00351296 
-0.00360782 -0.341346 -0.00364924 -0.00357493 
0 0 0 0 
-0.745492 -0.0399326 0 -0.584772 
-0.27825 -0.00423238 -0.00421796 -0.107122 
-0.00414467 -0.00410268 -0.0041321 -0.123257 
-0.00390746 -0.00390164 -0.00399293 -0.00390014 
-0.00379121 -0.00369766 -0.00374491 -0.00370418 
-0.00359021 -0.00349752 -0.00358305 -0.00350571 
-0.00336008 -0.00329593 -0.00339497 -0.112744 
-0.0031106 -0.00308927 -0.00308639 -0.00309793 
-0.00300851 -0.00298618 -0.00300565 -0.00296546 
-0.00296018 -0.00293524 -0.00300309 1.02 
-0.002868 -0.00283213 -0.00289566 2.49644 
-0.00270844 -0.00268738 -0.00275019 -0.0025992 
-0.00259907 -0.00254185 -0.00255105 -0.00250088 
-0.00246219 -0.00245381 -0.00248664 -0.000727097 
-0.00247779 -0.331207 -0.00246389 -0.00243469 
0 0 0 0 
-0.299538 -0.0030408 -0.00303634 -0.00280744 
-0.00306223 -0.16398 -0.0421398 -0.00308553 
0 0 0 0 
0 0 0 0 
0 0 0 0 
0 0 0 0 
0 0 0 0 
0 0 0 0 
0 0 0 0 
0 0 0 0 
0 0 0 0 
0 0 0 0 
0 0 0 0 
0 0 0 0 
0 0 0 0 
0 0 0 0 
0 0 0 0 
0 0 0 0 
0 0 0 0 
0 -7.32303e-05 0 0 
-7.32303e-05 -7.32303e-05 -7.32303e-05 0 
0 0 -7.32303e-05 -7.32303e-05 
0 0 0 0 
-0.725108 -0.00160032 -0.00171325 -0.00163155 
-0.179107 -0.118654 -0.00195964 -0.00178589 
-9.87809e-05 -0.229722 0 -8.92201e-05 
-6.82555e-05 -0.163657 -0.890896 -0.0281393 
0 -0.712979 -0.000106164 -6.89449e-05 
0 0 0 0 
-0.344793 -0.00319444 -0.003198 -0.00309761 
-0.00327809 -0.003341 -0.00328139 -0.00327924 
-0.00333742 -0.00339057 -0.00337532 -0.00332564 
-0.00339115 -0.105015 -0.00346173 -0.00338834 
0 -0.566198 -0.566198 -0.000108207 
0 0 0 0 
-0.570728 -0.187172 -0.00361813 -0.00339835 
-0.00354628 -0.00359656 -0.00352855 -0.73997 
-0.00370067 -0.00370109 -0.00370444 -0.118404 
-0.00350511 -0.00350684 -0.00355383 -0.00350862 
-0.00340663 -0.00332651 -0.00338179 -0.106128 
-0.00322779 -0.00311894 -0.00322007 -0.582586 
-0.00300098 -0.00292792 -0.00298103 -0.00292318 
-0.00284358 -0.00283329 -0.00281281 -0.00278994 
-0.00276114 1.97801 -0.00282917 -0.00275038 
-0.00269601 -0.00265114 -0.00265607 2.49667 
-0.002524 -0.00251173 -0.00255702 0.000755829 
-0.00242781 -0.00239095 -0.00238043 0.00200274 
-0.0023226 -0.00231395 -0.00230313 0.0117962 
-0.00240228 -0.0988214 -0.00241009 -0.0290001 
-0.000205492 0 -0.686767 -8.5966e-05 
-0.149049 -0.0194639 -0.00285124 -7.50947e-05 
-0.00293238 -0.149799 -0.00302435 -0.0522683 
0 0 0 0 
0 0 0 0 
0 0 0 0 
0 0 0 0 
0 0 0 0 
0 0 0 0 
0 0 0 0 
0 0 0 0 
0 0 0 0 
0 0 0 0 
0 0 0 0 
0 0 0 0 
0 0 0 0 
0 0 0 0 
0 0 0 0 
0 0 0 0 
0 0 0 0 
0 -0.000113388 0 -6.68972e-05 
-0.0001285 -5.98956e-05 -7.32303e-05 -7.96334e-05 
0 -5.98956e-05 0 -7.32303e-05 
0 -0.000291825 -0.566198 -0.341346 
-0.104992 -0.00163426 -0.00164996 -0.00165105 
-0.00173832 -0.00172052 -0.00174983 -0.00174528 
-0.00183393 -0.0919372 -0.0279964 -0.00182504 
0 -0.018059 -0.210054 -0.000181077 
-0.0282384 -0.00230969 -0.112553 -0.00222446 
-0.0125961 -0.00251299 -0.563949 -0.00255827 
-0.104026 -0.00292806 -0.00297717 -0.00289864 
-0.00308099 -0.0031095 -0.00316165 -0.00307296 
-0.00315692 -0.00314559 -0.00317989 -0.00313888 
-0.00318423 -0.00322126 -0.00329344 -0.00318604 
-0.0031624 -0.00316524 -0.104912 -0.00311512 
-0.00312289 -0.00313076 -0.337932 -0.00313911 
-0.00324601 -0.566198 -0.00328487 -0.0320166 
0 0 0 0 
-0.824082 0 -0.000168747 -8.81203e-05 
-0.184546 -0.173078 -0.00333608 -0.00330482 
-0.00294728 -0.714335 -0.00304873 -0.00289701 
0 0 0 0 
-0.337932 -0.00276057 -0.00279404 -0.00273903 
-0.00269382 -0.00266034 -0.00264494 -0.00263132 
-0.00264505 -0.00258155 -0.0026079 0.0115872 
-0.00260038 -0.00245525 -0.00246372 2.49689 
-0.00239041 -0.00233642 -0.00236606 0.0275893 
-0.00223568 0.0438622 -0.00221973 -0.00221311 
-0.00215021 -0.00213998 -0.00216984 0.496824 
0.189846 -0.00230271 -0.00233249 -0.0700461 
0.0867314 -0.00252309 -0.149165 -0.0024766 
0.0171976 -0.0443516 -0.00272274 -0.0110459 
-0.000209558 -0.335207 -0.00011544 -0.000123793 
0 0 0 0 
0 0 0 0 
0 0 0 0 
0 0 0 0 
0 0 0 0 
0 0 0 0 
0 0 0 0 
0 0 0 0 
0 0 0 0 
0 0 0 0 
0 0 0 0 
0 0 0 0 
0 0 0 0 
0 0 0 0 
0 0 0 0 
0 0 0 0 
-5.98956e-05 -9.84213e-05 -5.98956e-05 0 
0 -0.000199728 -7.32303e-05 0 
-0.000175631 -6.68972e-05 -0.000152514 0 
-7.32303e-05 0 0 -0.334553 
0 0 0 0 
-0.557236 -0.00163983 -0.0015724 -0.00159215 
-0.00173007 -0.00181329 -0.00176097 -0.00171476 
-0.00189984 -0.00192604 -0.00192239 -0.00192473 
-0.00209482 -0.00209804 -0.0319114 -0.00210369 
-0.00228486 -0.00234269 -0.00228131 -0.00228383 
-0.00248558 -0.00253149 -0.00253748 -0.00249333 
-0.00268915 -0.0027435 -0.00269242 -0.00269673 
-0.00287019 -0.00295126 -0.0029122 -0.00286787 
-0.00295809 -0.00298304 -0.00301383 -0.00296317 
-0.00301463 -0.00299837 -0.0030143 -0.002997 
-0.00303047 -0.00305153 -0.00308408 -0.170968 
-0.00301195 -0.0156517 -0.00306486 -0.00299356 
0 -0.563949 -0.0357069 -0.0317221 
0 0 0 0 
-0.563949 -0.00273713 -0.223373 -0.00276762 
-0.103911 -0.00311536 -0.00315928 -0.00309851 
-0.00296434 -0.104992 -0.00297209 -0.00294569 
-0.00264756 -0.00257188 -0.566198 -0.0025051 
-0.00259664 -0.00260158 -0.00265307 -0.0306611 
-0.00249064 -0.00248052 -0.00247563 -0.00246075 
-0.00245666 0.691778 -0.00248399 -0.337932 
-0.00233997 -0.00227393 -0.0023024 2.49711 
-0.0021634 -0.00214494 -0.00221126 0.802985 
-0.00203301 0.276959 -0.00206401 -0.00203007 
-0.00195595 -0.164844 -0.00187988 1.2189 
0 0 -0.000125766 -0.790542 
-0.188977 -0.0024162 -0.00246411 -0.299538 
-0.00239621 -0.0296286 -0.00242546 -0.0809458 
0 -0.379743 -0.000196791 0 
0 0 0 0 
0 0 0 0 
0 0 0 0 
0 0 0 0 
0 0 0 0 
0 0 0 0 
0 0 0 0 
0 0 0 0 
0 0 0 0 
0 0 0 0 
0 0 0 0 
0 0 0 0 
0 0 0 0 
0 0 0 0 
0 0 0 0 
0 0 0 0 
-0.299538 -0.019391 -0.000135607 -0.00016078 
0 -0.0522995 -6.68972e-05 -0.000274393 
-0.000118028 -0.696466 -0.000126793 0 
0 0 0 0 
-0.557236 0 -0.334553 -6.75729e-05 
-0.102905 -0.00145621 -0.101115 -0.00144276 
-0.00160259 -0.00160534 -0.00160591 -0.00161338 
-0.00178724 -0.00185474 -0.00182161 -0.0017765 
-0.00195449 -0.00200714 -0.00204503 -0.00196604 
-0.00214233 -0.00220597 -0.00214662 -0.00214755 
-0.00231836 -0.00241671 -0.00242168 -0.00233022 
-0.00251286 -0.00258454 -0.00260515 -0.00251759 
-0.00268267 -0.00268286 -0.00276086 -0.0026857 
-0.00278791 -0.00283315 -0.00285754 -0.00277267 
-0.00285069 -0.00282677 -0.00285462 -0.00280673 
-0.00275421 -0.00276489 -0.00279267 -0.709846 
-0.102825 -0.0028587 -0.00291289 -0.00283372 
-0.00286508 -0.00285188 -0.0946377 -0.102872 
-0.00282274 -0.00276723 -0.331207 -0.00279226 
-0.002814 -0.00278036 -0.00277061 -0.0027649 
-0.00289876 -0.00291296 -0.00296051 -0.00290939 
-0.00281431 -0.100274 -0.00281584 -0.0028131 
-0.0025901 -0.0502269 -0.00249488 -0.337932 
-0.00223648 -0.00221481 -0.00236093 -0.117554 
-0.00229425 -0.331207 -0.00234816 -0.00227004 
0 0 0 0 
-0.673546 2.49733 -0.00209445 -0.00209447 
0.490017 2.49756 0.0463823 -0.00197027 
0.885273 -0.00183736 -0.00100166 2.49778 
-0.00176148 -0.32137 -0.00173569 1.95135 
0 0 0 0 
0 0 0 0 
-0.656363 -0.000135607 -0.000592937 0 
-8.78317e-05 -0.149799 -0.10144 0 
0 0 0 0 
0 0 0 0 
0 0 0 0 
0 0 0 0 
0 0 0 0 
0 0 0 0 
0 0 0 0 
0 0 0 0 
0 0 0 0 
0 0 0 0 
0 0 0 0 
0 0 0 0 
0 -0.000116517 0 0 
-0.000125486 -0.000116517 0 0 
-0.000125486 0 0 -6.05006e-05 
-6.05006e-05 0 -0.509371 0 
-0.0808382 -0.000272564 -0.000293392 -0.000272126 
-0.000439636 -0.000549332 -0.0265668 -0.000461988 
-0.000639242 -0.000721048 -0.160951 -0.000675758 
-0.00082851 -0.000906307 -0.331207 -0.000869426 
-0.00103616 -0.00114101 -0.100826 -0.00104995 
-0.00124224 -0.00133615 -0.0012611 -0.00126611 
-0.00144367 -0.00146871 -0.00146216 -0.00143965 
-0.00161886 -0.00172039 -0.00170528 -0.00161625 
-0.00180619 -0.00183122 -0.00184078 -0.00182083 
-0.00197717 -0.00206704 -0.00207751 -0.0019758 
-0.00216173 -0.00224927 -0.00222868 -0.00216396 
-0.00233425 -0.00241269 -0.00243303 -0.00234607 
-0.00251364 -0.00258418 -0.00258322 -0.0097821 
-0.00260675 -0.00261306 -0.00264342 -0.00259495 
-0.00262602 -0.337932 -0.00265721 -0.00264005 
0 0 0 0 
-0.337932 -0.00270531 -0.00267612 -0.00267059 
-0.00271137 -0.00267158 -0.00267806 -0.561689 
-0.00271461 -0.00271666 -0.00270502 -0.20999 
-0.00266735 -0.00264595 -0.00268802 -0.00265615 
-0.0027252 -0.00275212 -0.00274935 -0.00273067 
-0.00272429 -0.337932 -0.00266602 -0.00264899 
0 0 0 0 
-0.705379 -0.00199373 -0.0501757 -0.00190728 
-0.0214483 -0.0021078 -0.00209129 -0.00210368 
-0.00200844 -0.00198187 -0.331207 -0.00198613 
-0.00194853 -0.0018746 -0.00192346 -0.00193335 
-0.00181202 1.16419 -0.0018249 -0.00179848 
0.179844 2.498 0.49031 -0.00163657 
-0.00151838 -0.0930423 -0.00156974 2.49822 
-0.000929366 -0.000890626 -0.539774 -0.000909751 
-0.000791802 -0.000707053 -0.299538 -0.00069165 
-0.000548882 -0.00518435 -0.137493 -0.000555884 
-0.000281893 0 -0.0510251 -0.0296508 
0 0 0 0 
0 0 0 0 
0 0 0 0 
0 0 0 0 
0 0 0 0 
0 0 0 0 
0 0 0 0 
0 0 0 0 
0 0 0 0 
0 0 0 0 
0 0 0 0 
0 0 0 0 
0 0 0 0 
0 -7.77461e-05 0 0 
-5.98956e-05 -9.49607e-05 0 -0.000164292 
-0.000154303 -0.000216725 -0.000152237 -0.000140724 
-0.000278175 -0.000350575 -0.000254229 -0.0816583 
-0.000445959 -0.000542244 -0.000489468 -0.000465721 
-0.000623441 -0.000645016 -0.00063528 -0.00063173 
-0.000778302 -0.000830212 -0.000820653 -0.000769628 
-0.000946358 -0.00094345 -0.000973838 -0.000956976 
-0.00112532 -0.00115611 -0.00121175 -0.00112261 
-0.00130174 -0.00135821 -0.00134846 -0.00132589 
-0.00148693 -0.00151635 -0.00151633 -0.00149593 
-0.00166889 -0.00175644 -0.00167062 -0.00166059 
-0.00184049 -0.00191679 -0.00183849 -0.00183865 
-0.00201418 -0.002022 -0.00202973 -0.00200344 
-0.00218169 -0.00220303 -0.00221682 -0.00217969 
-0.00232222 -0.00231076 -0.00232284 -0.0225088 
-0.00242526 -0.00245301 -0.00245785 -0.00242018 
-0.00248907 -0.00251219 -0.00250039 -0.0024808 
-0.0024696 -0.00243539 -0.334553 -0.00246125 
-0.0025296 -0.334553 -0.00254706 -0.00249983 
0 0 0 0 
-0.80203 0 -0.000166103 -0.000174002 
-0.100882 -0.00252337 -0.00256522 -0.00253322 
-0.00258216 -0.00257934 -0.00262076 -0.00254322 
-0.00249482 -0.101844 -0.00251501 -0.00248761 
-0.0021158 -0.00207 -0.559451 -0.00203941 
-0.00199564 -0.00199716 -0.0019883 -0.00204312 
-0.001991 -0.00197851 -0.00199814 -0.00197041 
-0.00190389 -0.00188624 -0.00189128 -0.00189225 
-0.00182019 -0.00179503 -0.00185494 -0.00178716 
-0.00171992 -0.00162945 -0.00167991 -0.00167699 
-0.00154132 0.517231 -0.00148385 -0.00149213 
-0.00129255 -0.00127075 -0.00126134 2.49844 
-0.00112212 -0.089374 -0.00107793 -0.299538 
-0.000589058 -0.000541993 -0.000547918 -0.531556 
-0.000389964 -0.000394903 -0.00042422 -0.000410133 
-0.000279907 -0.254736 -0.0111019 -0.0688731 
0 0 0 0 
0 0 0 0 
0 0 0 0 
0 0 0 0 
0 0 0 0 
0 0 0 0 
0 0 0 0 
0 0 0 0 
0 0 0 0 
0 0 0 0 
0 0 0 0 
0 0 0 0 
0 0 0 0 
0 -6.62282e-05 0 -6.62282e-05 
-0.000112719 -0.000128479 -0.000137456 -0.000131444 
-0.000126124 0 -0.000175897 -0.000126124 
-0.000238566 -0.000288488 -0.000251724 -0.51149 
-0.000369505 -0.000465357 -0.000410873 -0.331207 
-0.000574369 -0.000582257 -0.000588523 -0.000578331 
-0.000729404 -0.00075734 -0.000747041 -0.000742133 
-0.00087228 -0.000920504 -0.000892304 -0.000884944 
-0.00102292 -0.00107368 -0.00102192 -0.00104714 
-0.0011899 -0.00121569 -0.00123644 -0.00119344 
-0.00134819 -0.00135809 -0.00138528 -0.00136012 
-0.00152226 -0.00155152 -0.00158405 -0.00151652 
-0.00169189 -0.00172239 -0.00168837 -0.00169468 
-0.00187289 -0.00186339 -0.00187519 -0.0999695 
-0.00204162 -0.00209065 -0.00204883 -0.366225 
-0.00215579 -0.00212938 -0.00221509 -0.171295 
-0.00226647 -0.00226212 -0.00230025 -0.0022449 
-0.00233439 -0.00234414 -0.00241044 -0.00232685 
-0.00233525 -0.00231123 -0.00237221 -0.00233178 
-0.00234915 -0.00238186 -0.00237864 -0.00234305 
-0.00229235 -0.00232474 -0.331207 -0.0023321 
-0.00233352 -0.00236518 -0.166138 -0.00237956 
-0.00240849 -0.00244797 -0.00240703 -0.00238833 
-0.00243491 -0.00240703 -0.00239773 -0.00241771 
-0.00232756 -0.00230118 -0.00237963 -0.00231621 
-0.00213295 -0.00212834 -0.00214843 -0.00211655 
-0.0019948 -0.00199953 -0.00202927 -0.00198934 
-0.00192665 -0.00187788 -0.00190079 -0.00186871 
-0.00180508 -0.00179118 -0.00180866 -0.00176983 
-0.00168875 -0.00172524 -0.00174711 -0.00170115 
-0.0016635 -0.00165989 -0.00167403 -0.0911921 
-0.00155484 -0.0850587 -0.00157058 -0.324616 
-0.00113497 -0.520061 1.45835 2.49867 
0 0 0 0 
0 0 0 0 
-0.299538 -0.0405587 -0.000276499 -0.000277832 
0 -0.328247 -5.98956e-05 -0.000186044 
0 0 0 0 
0 0 0 0 
0 0 0 0 
0 0 0 0 
0 0 0 0 
0 0 0 0 
0 0 0 0 
0 0 0 0 
0 0 0 0 
0 0 0 0 
0 0 0 0 
0 0 0 0 
0 0 0 0 
0 -5.98956e-05 -8.5966e-05 -5.98956e-05 
-0.000103648 -0.000126124 -0.000140542 -0.000139113 
-0.000108273 0 -0.000108273 -6.62282e-05 
0 0 0 0 
0 0 0 0 
-0.331207 -0.000611363 -0.000603782 -0.000601827 
-0.000687294 -0.000670523 -0.000731999 -0.000698627 
-0.000791711 -0.000861968 -0.00085187 -0.00077607 
-0.000957699 -0.00101623 -0.00102994 -0.0128099 
-0.00109423 -0.00118402 -0.00109748 -0.012438 
-0.00125708 -0.00132387 -0.00128031 -0.0012368 
-0.00139693 -0.00140609 -0.00138869 -0.00139494 
-0.00153652 -0.00155234 -0.00155161 -0.0302281 
-0.00148743 -0.554976 -0.00148324 -0.00143665 
0 0 0 0 
-0.711388 -0.00219897 -0.0728415 -0.00751562 
-0.002186 -0.00214582 -0.00221159 -0.00213652 
-0.00222351 -0.00220904 -0.00225327 -0.0022057 
-0.0022383 -0.00223987 -0.002225 -0.00223714 
-0.00223687 -0.00225932 -0.00224113 -0.00226047 
-0.00230533 -0.00230851 -0.00229111 -0.00224896 
-0.0023347 -0.00229418 -0.00235734 -0.00229591 
-0.0023277 -0.00231421 -0.00232486 -0.00233707 
-0.00233119 -0.00227382 -0.00233405 -0.00231489 
-0.00220286 -0.00219712 -0.00223258 -0.00220633 
-0.0020505 -0.00202908 -0.00210962 -0.0988544 
-0.00189186 -0.00189416 -0.00193985 -0.00188191 
-0.00181471 -0.00177287 -0.0017925 -0.00177395 
-0.00169184 -0.0016595 -0.00171047 -0.00166327 
-0.00161984 -0.00159895 -0.00165184 -0.00157008 
-0.00159136 -0.535913 -0.00158298 -0.00152327 
0 0 0 0 
-0.299538 -0.533899 0.491167 2.49889 
0 0 0 0 
-0.656363 -7.60393e-05 -0.299538 0 
-0.000103648 -0.000135607 -0.000170725 -0.000161461 
-0.000172157 -0.149799 -0.00011004 0.201736 
0 0 0 0 
0 0 0 0 
0 0 0 0 
0 0 0 0 
0 0 0 0 
0 0 0 0 
0 0 0 0 
0 0 0 0 
0 0 0 0 
0 0 0 0 
0 0 0 0 
0 0 0 0 
0 0 0 0 
0 -8.03905e-05 0 0 
0 0 -0.000173864 0 
0 0 -6.62282e-05 0 
0 -8.5966e-05 -0.331207 -5.98956e-05 
-0.000142233 0 -0.509371 -5.98956e-05 
-0.0808735 -0.000675742 -0.00061168 -0.0408872 
-0.000661443 -0.000654028 -0.000651058 -0.0187667 
-0.00076085 -0.000767291 -0.000744998 -0.00076158 
-0.000844182 -0.000886767 -0.000918723 -0.125887 
-0.00098421 -0.00102191 -0.00100396 -0.032728 
-0.00112305 -0.00113284 -0.00111084 -0.101844 
-0.00126551 -0.00125841 -0.00125083 -0.331207 
-0.00129803 -0.00127297 -0.0012899 -0.236928 
-0.00138747 -0.00140896 -0.00141913 -0.00139807 
-0.00146907 -0.0014651 -0.331207 -0.0515037 
-0.00156148 -0.00170763 -0.00165661 -0.0710827 
-0.0279517 -0.00206389 -0.00207998 -0.00199034 
-0.00209752 -0.00210507 -0.00217851 -0.0504802 
-0.00214007 -0.00216631 -0.00217943 -0.334553 
-0.00217175 -0.00220073 -0.00220363 -0.00219828 
-0.00224195 -0.00222673 -0.00218593 -0.00218655 
-0.00226751 -0.00228187 -0.00226889 -0.00223135 
-0.00225744 -0.00230966 -0.00229245 -0.0500272 
-0.0022608 -0.00226225 -0.00231719 -0.0022705 
-0.00228248 -0.163238 -0.00223461 -0.0968562 
-0.00171499 -0.00166146 -0.00176799 -0.699429 
-0.00172093 -0.00173159 -0.00182063 -0.0489828 
-0.00167375 -0.00168195 -0.00169484 -0.047963 
-0.00157607 -0.00158839 -0.00154512 -0.00155099 
-0.00154474 -0.00158982 -0.00154958 -0.033665 
-0.0126941 -0.0817194 -0.00157742 -0.0015646 
-0.000917997 -0.000650182 -0.760375 -0.0404794 
-0.000702149 2.49911 -0.000762813 -0.000670376 
-0.000523896 2.49933 -0.299538 -0.0982877 
-0.000395144 -0.000352028 -0.196401 2.49956 
-0.000329072 0.342999 -0.000212556 0 
0 0 0 1.64058 
0 0 0 0 
0 0 0 0 
0 0 0 0 
0 0 0 0 
0 0 0 0 
0 0 0 0 
0 0 0 0 
0 0 0 0 
0 0 0 0 
0 0 0 0 
0 0 0 0 
0 0 0 0 
0 0 0 0 
0 0 0 0 
0 0 0 0 
0 0 0 0 
0 -5.98956e-05 0 0 
-5.98956e-05 0 -0.000134029 0 
-7.60393e-05 -8.78317e-05 -0.000158951 -0.32899 
-0.0369813 0 -0.000362841 -0.149799 
-0.013904 -0.0732423 -0.000752977 -0.151312 
0 0 -8.62876e-05 -0.387624 
0 -0.000109185 -0.000156999 -0.265688 
-6.05006e-05 -0.559451 -6.68972e-05 0 
0 0 0 0 
-0.79353 0 -0.00010888 -0.170707 
-0.191742 -0.0134593 -0.00139266 -0.165637 
0 -0.0359528 -0.000373232 -0.352805 
-0.058541 -0.00167281 -0.00168899 -0.34904 
-0.00182663 -0.0978338 -0.00191732 -0.165637 
0 -0.550523 0 -0.278674 
0 0 0 0 
-0.331207 -0.00211655 -0.00211286 -0.165637 
-0.00211749 -0.0021691 -0.0021231 -0.277543 
-0.0499291 -0.102695 -0.00225859 -0.16731 
-0.000321301 0 -0.000245596 -0.39911 
-0.082001 -0.00220366 -0.00220127 -0.165637 
-0.00218779 -0.548297 -0.00215678 -0.165637 
0 0 0 0 
0 0 0 -0.342664 
-0.074266 -0.00138318 -0.00140019 -0.273101 
-0.00146235 -0.00141964 -0.00144909 -0.149799 
-0.00134654 -0.00137434 -0.00142705 -0.268801 
-0.00146171 -0.0406752 -0.00152737 -0.149799 
0 -0.00019611 -0.27815 -0.254736 
-0.0373423 -0.00306045 -0.000673359 -0.151312 
0 0 -0.00818639 -0.254736 
-0.0030167 2.49978 0.491861 -0.328247 
0.887294 2.5 -0.000131584 0 
0 0 0 0 
