0 0 0 0 
-1.0002 -0.240859 -0.5002 -0.0701638 
-0.263283 -0.202902 -0.5002 -0.0451891 
-0.21688 -0.20645 -0.5002 -0.0749233 
-0.154822 -0.165126 -0.5002 -0.0844377 
-0.302607 -0.204934 -0.5002 -0.0365145 
-0.16258 -0.250368 -0.500194 -0.232407 
-0.307146 -0.995562 -0.460691 -0.229497 
0 0 0 0 
-0.914827 -0.269069 -0.499461 -0.266907 
-0.404612 -0.331955 -0.494911 -0.26928 
-0.255973 -0.252493 -0.499959 -0.269526 
-0.269736 -0.339536 -0.428813 -0.478401 
-0.279722 -0.27626 -0.499149 -0.263179 
-0.335571 -0.304844 -0.498937 -0.286907 
-0.34312 -0.858756 -0.487273 -0.310281 
0 0 0 0 
-0.977149 -0.179437 -0.480375 -0.207481 
-0.220108 -0.198144 -0.488191 -0.20011 
-0.198094 -0.232706 -0.499226 -0.202289 
-0.260426 -0.274003 -0.454775 -0.198766 
-0.163721 -0.165025 -0.492534 -0.466126 
-0.173114 -0.267188 -0.345681 -0.233853 
-0.133925 -0.390023 -0.485546 -0.0809037 
0 -0.000261688 -0.413863 -0.819372 
-0.0941329 0 -0.318666 -0.000289488 
-0.0590784 -0.0276458 -0.366878 -0.0277193 
-0.0277194 -0.0276807 -0.172431 -0.0276988 
-0.0277002 -0.0276848 -0.30885 -0.0277748 
-0.0649611 -0.0968109 -0.30885 -0.027721 
0 -0.055762 -0.418777 -0.000178849 
-0.117725 -0.0783421 -0.410893 -0.000192146 
-0.000193931 -0.00013056 -0.352952 0 
-9.05513e-05 0 -0.287715 -0.0171939 
-7.03448e-05 0 -0.356533 -0.000108193 
-0.0530297 -0.0218627 -0.208712 -0.0218767 
-0.0219037 -0.0510045 -0.279782 -0.0219183 
-0.0511011 -0.0222387 -0.279782 -0.0222422 
-0.0224026 -0.0224702 -0.169 -0.0223926 
-0.0225413 -0.0514567 -0.170707 -0.0225518 
-0.000242342 0 -0.354994 0 
-0.000114128 -9.63779e-05 -0.279782 0 
-0.0778697 -0.0237045 -0.16731 -0.0236343 
-0.0237373 -0.0238167 -0.154384 -0.023747 
-0.0238329 -0.0951412 -0.15911 -0.023899 
-6.1729e-05 -0.000321984 -0.425997 0 
-0.0571831 -0.000370417 -0.341627 -0.000316488 
-0.0923193 -0.0125376 -0.341135 -0.0125653 
-0.0828735 -0.0457441 -0.15911 -0.024649 
-0.000204433 -0.267608 0 -0.000147894 
-0.5002 -0.043726 -1.0002 -0.179993 
-0.0615914 -0.0435075 -0.125666 -0.160896 
-0.0965397 -0.0432889 -0.091056 -0.0865064 
-0.10868 -0.0430704 -0.113634 -0.120545 
-0.0593587 -0.0428519 -0.165621 -0.117527 
-0.0908166 -0.0703996 -0.0701622 -0.0426334 
-0.0436559 -0.216993 -0.220286 -0.158908 
-0.268052 -0.43399 -0.290126 -0.210186 
-0.241466 -0.26945 -0.999941 -0.310543 
-0.533033 -0.261789 -0.379471 -0.280486 
-0.278142 -0.282292 -0.325587 -0.263361 
-0.257174 -0.337898 -0.29598 -0.419248 
-0.214746 -0.191408 -0.175366 -0.988786 
-0.293407 -0.382597 -0.267241 -0.482837 
-0.283749 -0.323614 -0.331999 -0.978083 
-0.294101 -0.494617 -0.383335 -0.373317 
-0.233024 -0.226302 -0.996594 -0.198172 
-0.23314 -0.207308 -0.277819 -0.209751 
-0.226505 -0.211608 -0.209994 -0.20585 
-0.225377 -0.220733 -0.26401 -0.205085 
-0.203617 -0.988326 -0.247223 -0.219122 
0 0 0 0 
-0.833072 -0.186515 -0.153547 -0.31201 
-0.11095 -0.70503 -0.0989283 -0.702823 
0 0 0 0 
-0.348276 -0.0278195 -0.0696746 -0.0278375 
-0.0278357 -0.0277933 -0.131453 -0.0278317 
-0.0277944 -0.0278077 -0.0277485 -0.0278123 
-0.0278149 -0.0278145 -0.0277997 -0.0278599 
-0.0278725 -0.0278397 -0.0649344 -0.0278769 
-0.0278235 -0.0286536 -0.0648795 -0.0278148 
-0.000339615 -0.000180026 -0.0886453 0 
-0.0328013 -0.0215969 -0.026525 -0.0215214 
-0.0216143 -0.0216751 -0.031501 -0.0216222 
-0.0217386 -0.0217588 -0.0857647 -0.021762 
-0.0218346 -0.0218554 -0.021858 -0.334553 
-0.0219337 -0.0219236 -0.0219421 -0.176765 
-0.0220803 -0.0222218 -0.0220868 -0.568469 
-0.106052 -0.0225604 -0.0225304 -0.022561 
-0.0226493 -0.0226535 -0.0226517 -0.17231 
-0.0228167 -0.0228483 -0.0854833 -0.337932 
-0.0229863 -0.0231042 -0.0373609 -0.100898 
-0.027976 -0.0235852 -0.0235945 -0.0235233 
-0.0237219 -0.0237777 -0.0237557 -0.0237289 
-0.0239217 -0.0239993 -0.0239251 -0.0239471 
-0.0241166 -0.0241899 -0.14247 -0.331207 
-0.0243213 -0.0243954 -0.0466293 -0.0244105 
-0.02451 -0.0245876 -0.0480431 -0.0245607 
-0.024624 -0.0246756 -0.0246481 -0.0246899 
-0.0246634 -0.160717 -0.0457413 -0.0246853 
-0.5002 -0.155648 -0.28969 -0.301816 
-0.30739 -0.262188 -0.289775 -0.135049 
-0.279408 -0.251725 -0.0436885 -0.28224 
-0.230145 -0.216389 -0.0924767 -1.0002 
-0.12816 -0.0548804 -0.141541 -0.165733 
-0.0977474 -0.070384 -0.0633396 -0.0424148 
-0.0372648 -0.227943 -0.187023 -0.199078 
-0.21253 -0.259798 -0.317932 -0.19173 
-0.243232 -0.318293 -0.53346 -0.425472 
-0.260594 -0.289816 -0.338622 -0.979684 
-0.273658 -0.423915 -0.275922 -0.2488 
-0.267322 -0.999361 -0.255027 -0.297393 
0 0 0 0 
-0.956854 -0.962521 -0.235614 -0.26343 
0 0 0 0 
-0.998502 -0.198238 -0.282151 -0.199761 
-0.220409 -0.206583 -0.302432 -0.215315 
-0.212086 -0.207423 -0.207299 -0.207191 
-0.210442 -0.208708 -0.214005 -0.208733 
-0.208723 -0.210704 -0.217303 -0.215361 
-0.206056 -0.205562 -0.213742 -0.217351 
-0.26203 -0.166637 -0.9983 -0.20755 
-0.28801 -0.837243 -0.110359 -0.45685 
0 0 0 0 
-0.413167 -0.0278552 -0.413167 -0.0321889 
-0.0278044 -0.0278426 -0.0278203 -0.0277896 
-0.0278612 -0.0278717 -0.0278521 -0.0278768 
-0.0278513 -0.0278284 -0.0278357 -0.0277974 
-0.0278273 -0.027855 -0.0278442 -0.0278652 
-0.0278548 -0.0278494 -0.0279037 -0.0279082 
-0.0278814 -0.0278975 -0.0278547 -0.0278839 
-0.0279262 -0.107594 -0.0555464 -0.027953 
-0.0224918 -0.0215766 -0.021539 -0.570763 
-0.0215471 -0.0244167 -0.0215318 -0.171857 
-0.054256 -0.344793 -0.0217685 -0.0329496 
0 0 0 0 
-0.720296 -0.351794 0 -0.000116844 
0 0 0 0 
-0.344793 -0.073613 -0.0225654 -0.0237178 
-0.000305532 -0.712854 0 -0.000218536 
0 0 0 0 
-0.557202 -0.0232163 -0.0231571 -0.0808739 
-0.0233357 -0.0234101 -0.0234156 -0.679192 
-0.214811 -0.0236845 -0.0237346 -0.220764 
-0.0255088 -0.693474 -0.0239577 -0.0242626 
0 0 0 0 
-0.552772 -0.0245896 -0.0245103 -0.0247139 
-0.0246981 -0.024749 -0.024691 -0.0247826 
-0.0247715 -0.0466185 -0.0247275 -0.0247774 
-0.0246687 -0.269795 -0.0246664 -0.0247164 
-0.5002 -0.294549 -0.267104 -0.261792 
-0.270388 -0.428036 -0.264575 -0.120698 
-0.204928 -1.0002 -0.275427 -0.359961 
0 0 0 0 
-1.0002 -0.0342091 -0.211229 -0.199095 
-0.107331 -0.0421963 -0.0713014 -0.0514159 
-0.18576 -0.214755 -0.163157 -0.0419777 
-0.146679 -0.216683 -0.227975 -0.214714 
-0.204897 -1.0002 -0.286598 -0.253075 
0 0 0 0 
-1.00014 -0.255355 -0.261515 -0.2389 
-0.418889 -0.382692 -0.531271 -0.251338 
-0.230731 -0.207268 -1.00018 -0.255426 
-0.30605 -0.265712 -0.224847 -0.225364 
-0.24974 -0.230422 -1.00016 -0.201061 
-0.241568 -0.205047 -0.207766 -0.210542 
-0.20653 -0.208643 -0.205378 -0.224852 
-0.208833 -0.207645 -0.214002 -0.211816 
-0.209162 -0.208665 -0.208688 -0.243102 
-0.208718 -0.224404 -0.2095 -0.212724 
-0.208968 -0.23515 -0.230432 -0.219237 
-0.207952 -0.985719 -0.439826 -0.223081 
0 0 0 0 
-0.780275 0 0 -8.26169e-05 
-0.26465 -0.0276804 -0.0277092 -0.0276253 
-0.0277086 -0.0277855 -0.027681 -0.0305762 
-0.0304321 -0.146453 -0.0279396 -0.0279435 
-0.0277681 -0.0278035 -0.027805 -0.64989 
-0.0278356 -0.0278131 -0.0278533 -0.0278525 
-0.0279198 -0.0279588 -0.0279101 -0.0279081 
-0.0279561 -0.0279722 -0.0279155 -0.0279531 
-0.0279404 -0.362563 -0.0279642 -0.027992 
0 0 0 0 
-0.868397 -0.0228192 -0.000458177 -0.00037594 
-0.0505235 -0.000292125 -0.000119922 -0.00100314 
-0.0478138 -0.0276654 -0.548467 -0.0277536 
-0.0277341 -0.0276994 -0.109318 -0.0277426 
-0.0276473 -0.0277096 -0.58897 -0.0276964 
-0.0277073 -0.109296 -0.032485 -0.0277338 
-0.000579936 -7.03448e-05 0 -0.575316 
-0.000149982 -0.00011544 0 0 
-0.000124142 -0.509371 0 -6.68972e-05 
0 0 0 0 
-0.862697 -0.000137471 -0.000160938 0 
-0.204992 -0.0254098 -0.227542 -0.0254055 
-0.0283073 -0.0252645 -0.334553 -0.0252653 
-0.0250909 -0.0250944 -0.098854 -0.0251541 
-0.024969 -0.0249011 -0.0248956 -0.0249312 
-0.0248572 -0.0248071 -0.0248053 -0.324616 
-0.0247904 -0.16398 -0.0247309 -0.0499291 
-0.5002 -0.265357 -0.271016 -0.265407 
-0.350957 -0.272345 -0.270185 -0.110096 
-0.263776 -0.426284 -0.270395 -0.280976 
-0.257134 -0.174935 -1.0002 -0.257335 
-0.223451 -0.0526361 -0.254879 -0.154225 
-0.0526203 -0.0512668 -0.0789675 -0.0745992 
-0.0647653 -0.0621699 -0.0851738 -0.0417592 
-0.0456066 -0.161469 -0.196334 -0.17209 
-0.116641 -0.287645 -0.30516 -0.204816 
-0.224224 -0.257491 -1.0002 -0.25416 
-0.320242 -0.245164 -0.27208 -0.248628 
-0.261549 -0.26964 -0.297384 -0.252689 
-0.231867 -0.125715 -0.318129 -0.208853 
-0.206998 -0.207869 -0.222255 -0.0854577 
-0.204109 -0.208995 -0.208615 -0.204088 
-0.265289 -0.311109 -0.211194 -0.269561 
-0.215184 -0.20293 -0.204847 -0.385684 
-0.221793 -0.205141 -0.204182 -0.216382 
-0.202694 -0.212062 -0.200062 -0.2591 
-0.203419 -0.215306 -0.20396 -0.245455 
-0.226053 -0.305377 -0.197757 -0.356401 
-0.303195 -0.268184 -0.363987 -0.923176 
-0.0672619 0 -0.836658 -0.215563 
0 -0.112357 -9.22745e-05 -0.000265625 
-0.0305187 -0.0281149 -0.0276416 -0.655661 
-0.000321183 -0.0445318 -0.000323981 0 
-0.0578684 -0.777228 -0.0279575 -0.031348 
0 0 0 0 
-0.814133 -0.0278742 -0.0277966 -0.0278294 
-0.255891 -0.0280732 -0.0280258 -0.0280818 
-0.0280387 -0.0280463 -0.0280234 -0.0280499 
-0.0280198 -0.0280322 -0.0279847 -0.0280183 
-0.0280034 -0.0279892 -0.369924 -0.0279748 
-0.0279414 -0.0278996 -0.106648 -0.0279473 
-0.0478263 -0.0278817 -0.0656313 -0.0279281 
-0.0278462 -0.0278763 -0.10148 -0.027888 
-0.0278431 -0.0278207 -0.0278125 -0.0277809 
-0.0278236 -0.0277988 -0.116139 -0.027773 
-0.0277478 -0.344793 -0.0277738 -0.0277883 
0 0 0 0 
-0.557202 0 -6.68972e-05 -0.000220682 
-6.68972e-05 -6.68972e-05 0 0 
-6.68972e-05 0 -0.550523 0 
-0.0978338 -0.0255189 -0.241124 -0.0255116 
-0.0255361 -0.0255165 -0.025537 -0.0256125 
-0.0254304 -0.0254088 -0.025415 -0.0254582 
-0.0253195 -0.095279 -0.0252784 -0.163538 
-0.0249331 -0.543911 -0.0249186 -0.337932 
0 0 0 0 
-0.299538 -0.277543 0 -0.047963 
-0.5002 -0.260638 -0.265371 -0.34906 
-0.334407 -0.26602 -0.267832 -0.104351 
-0.270774 -0.297243 -0.271636 -0.274353 
-0.264005 -0.262424 -0.361302 -0.262003 
-0.261858 -0.273587 -0.0269179 -0.26749 
-0.151716 -0.142265 -0.0524807 -0.227113 
-0.0524721 -0.0415407 -0.0563819 -0.0886786 
-0.052401 -0.0657339 -0.0524815 -0.0413221 
-0.0340009 -0.244418 -0.165219 -0.19765 
-0.261334 -0.0766897 -0.290636 -0.26095 
-0.351815 -0.338664 -0.283182 -0.0423216 
-0.24636 -0.380613 -0.274187 -0.288573 
-0.211064 -0.179616 -0.161028 -1.0002 
-0.204888 -0.204788 -0.20568 -0.0540957 
-0.204805 -0.255951 -0.207619 -0.211845 
-0.229814 -0.317957 -0.20179 -0.341929 
-0.202068 -0.203833 -0.201151 -1.00017 
-0.299448 -0.193122 -0.210161 -0.242481 
-0.207265 -0.4598 -0.199055 -0.338144 
-0.175044 -0.189466 -0.181766 -0.991479 
-0.151814 -0.996493 -0.167934 -0.290762 
0 0 0 0 
-0.720075 0 -0.331724 -0.84363 
0 -0.509371 -0.0415903 -0.00484886 
0 0 0 0 
-0.658111 0 -0.000167454 -0.113993 
-0.119573 -0.0283183 -0.206868 -0.0283127 
-0.0283033 -0.0283029 -0.413167 -0.0283591 
-0.0282429 -0.0282682 -0.170051 -0.0282821 
-0.0282072 -0.0281924 -0.0281541 -0.0282104 
-0.0281082 -0.0281369 -0.0281074 -0.028141 
-0.0280649 -0.0280877 -0.0280631 -0.0280779 
-0.02803 -0.0280348 -0.028005 -0.0280328 
-0.0280089 -0.0279486 -0.0279373 -0.0279931 
-0.027921 -0.027903 -0.0278817 -0.0279037 
-0.0278942 -0.0278507 -0.0278492 -0.0278825 
-0.0278287 -0.0277971 -0.0278255 -0.027795 
-0.0278035 -0.0277943 -0.0277889 -0.0277635 
-0.0278037 -0.108204 -0.0277887 -0.348276 
0 -0.000116562 -0.715899 -7.10553e-05 
-0.172564 -0.334553 -0.100926 -0.026325 
0 0 0 0 
-0.705379 0 0 -0.000255674 
-0.11793 -0.0256986 -0.0312366 -0.0258027 
-0.0257053 -0.0257027 -0.0256942 -0.0257464 
-0.025643 -0.103943 -0.0255859 -0.025672 
-0.0255046 -0.704166 -0.025445 -0.0254938 
0 0 0 0 
-0.685238 -6.55659e-05 0 0 
0 -0.341112 -0.000141903 -0.0287826 
-0.500198 -0.265144 -0.333185 -0.336427 
-0.294224 -0.0987534 -0.303333 -0.263527 
-0.27436 -0.0860502 -0.287665 -0.277063 
-0.268211 -0.0645445 -0.319739 -0.270013 
-0.261077 -0.321157 -0.0416626 -0.267109 
-0.252372 -0.234891 -0.112916 -0.314144 
-0.182322 -0.137852 -0.032469 -0.178061 
-0.0664155 -0.0411037 -0.0629003 -0.129092 
-0.0601046 -0.0638035 -0.0817647 -0.0408852 
-0.144389 -0.08807 -0.117688 -0.0395151 
-0.0303697 -0.271372 -0.225846 -0.23712 
-0.248838 -1.0002 -0.271958 -0.303948 
0 0 0 0 
-0.999071 -0.0447868 -0.214794 -0.986688 
-0.394747 -0.0445996 -0.183533 -0.434884 
-0.183055 -1.00018 -0.148571 -0.0449189 
0 0 0 0 
-0.994239 -0.357189 -0.261745 -0.0888863 
-0.250912 -0.998116 -0.19236 -0.0529489 
0 0 0 0 
-0.844423 -0.119037 -0.361955 -0.00455972 
-0.0113843 -0.722641 -0.71782 -0.00042228 
0 0 0 0 
-0.41734 -0.705076 -0.0809349 -0.0373795 
0 0 0 0 
-0.89912 -0.000404692 -0.0976581 -0.000477659 
-0.25298 -0.028322 -0.0283196 -0.0283912 
-0.0283697 -0.0283912 -0.0283776 -0.0284569 
-0.0283519 -0.0283427 -0.0283116 -0.0283785 
-0.0282842 -0.0282527 -0.0282775 -0.0283134 
-0.0281914 -0.0281637 -0.0281887 -0.0282095 
-0.0281049 -0.0280939 -0.0281199 -0.0281304 
-0.0280538 -0.0280516 -0.028033 -0.0280567 
-0.0279687 -0.0279722 -0.0279774 -0.0280101 
-0.0279008 -0.0279046 -0.0278976 -0.0279225 
-0.0278753 -0.0278557 -0.0278564 -0.0278501 
-0.0278259 -0.130859 -0.0278084 -0.0277792 
-0.0277448 -0.61964 -0.0277598 -0.0394196 
0 0 0 0 
-0.557202 -0.000114096 -0.000137952 0 
-0.100889 -0.153741 -0.0263113 -0.0263096 
-0.0260586 -0.0260807 -0.694597 -0.0260359 
-0.0261142 -0.0261234 -0.100827 -0.0261437 
-0.0260381 -0.0260375 -0.0502948 -0.02608 
-0.0259397 -0.0258703 -0.0258694 -0.0258807 
-0.0258156 -0.0257589 -0.0257379 -0.0258122 
-0.0256032 -0.0731439 -0.0256131 -0.0257393 
-0.0256846 -0.0256997 -0.702408 -0.0256722 
-0.0257832 -0.0257614 -0.219949 -0.0258298 
-0.0284641 -0.273101 -0.0841983 -0.0259646 
-0.500194 -0.265343 -0.310701 -0.229825 
-0.274687 -0.280812 -0.224873 -0.284461 
-0.274268 -0.52891 -0.300791 -0.287709 
-0.28131 -0.291363 -0.306733 -1.00018 
-0.291375 -0.345674 -0.254022 -0.327064 
-0.264964 -0.207456 -0.253914 -1.0002 
-0.279366 -0.135594 -0.21609 -0.230396 
-0.1517 -0.209366 -0.0712695 -0.176716 
-0.127346 -0.0406668 -0.10673 -0.147528 
-0.0879919 -0.0870442 -0.0541404 -0.0404484 
-0.0422137 -0.231128 -0.191322 -0.155634 
-0.167605 -0.383349 -0.356381 -0.26398 
-0.20591 -0.989273 -0.740148 -0.490199 
0 0 0 0 
-0.987177 -0.0781227 -0.144518 -0.153292 
-0.187268 -0.203306 -0.441895 -0.0581387 
-0.119277 -0.034808 -0.996796 -0.0977708 
-0.0951766 -0.00877417 -0.156393 -0.065924 
-0.107172 -0.361548 -0.184861 -0.00502978 
-0.0308597 -0.0406142 -0.974008 -0.013508 
-0.173764 -0.104791 -0.0641762 -0.0298513 
-0.0298895 -0.405034 -0.197826 -0.175806 
-0.0228562 -0.000390688 -0.913859 -0.466126 
-0.343202 -0.188229 -0.0374236 -0.295652 
-0.0467557 -0.00872982 -0.705076 -0.00876209 
-0.00874663 -0.00984444 -0.0687492 -0.00904627 
-0.0422507 -0.0286154 -0.116021 -0.028673 
-0.0285602 -0.0285298 -0.0285044 -0.0284994 
-0.0284325 -0.0284466 -0.0284343 -0.0284811 
-0.0283684 -0.0283444 -0.0283767 -0.0283711 
-0.0282774 -0.0282376 -0.028259 -0.0283041 
-0.0281937 -0.0281358 -0.0281663 -0.0282019 
-0.0280959 -0.0280559 -0.0280878 -0.0280433 
-0.0279886 -0.0279795 -0.0279868 -0.0279654 
-0.0278779 -0.027898 -0.027881 -0.0279092 
-0.0277705 -0.0277899 -0.0278347 -0.0277923 
-0.0276949 -0.0276982 -0.0277159 -0.0276958 
-0.0276303 -0.0665461 -0.0275961 -0.0275885 
-0.0248682 -0.762262 -0.413167 -0.0247836 
0 0 0 0 
-0.341346 -0.0262866 -0.0262623 -0.0262477 
-0.0262656 -0.0262858 -0.0735669 -0.0262776 
-0.0262716 -0.0262725 -0.0262499 -0.0263084 
-0.0261925 -0.0261496 -0.0261685 -0.0261616 
-0.0260322 -0.02604 -0.0260083 -0.0260938 
-0.0259554 -0.0259589 -0.0259229 -0.0259357 
-0.0260122 -0.0495559 -0.028623 -0.0260685 
-0.025952 -0.0259727 -0.11625 -0.0260043 
-0.0259271 -0.0765546 -0.0259097 -0.0259389 
-0.0259164 -0.345004 -0.0259213 -0.0718602 
-0.494977 -0.218465 -0.240664 -0.159955 
-0.275776 -0.357848 -0.272199 -0.282708 
-0.298775 -0.999541 -0.269803 -0.30017 
0 0 0 0 
-0.980422 -0.855539 -0.439913 -0.299284 
0 0 0 0 
-0.999668 -0.474463 -0.180413 -0.319951 
-0.393301 -0.230754 -0.129638 -1.0002 
-0.174486 -0.0599309 -0.145787 -0.285134 
-0.114712 -0.0542515 -0.0634346 -0.04023 
-0.0542673 -0.253129 -0.174741 -0.156247 
-0.233949 -0.286664 -0.261588 -0.254721 
-0.238657 -0.994914 -0.499677 -0.407857 
0 0 0 0 
-0.947591 -0.0500043 -0.16263 -0.11258 
-0.0747401 -0.0329227 -0.143369 -0.0773483 
-0.0682125 -0.0645452 -0.0713469 -0.0296203 
-0.0313953 -0.104667 -0.0931823 -0.154195 
-0.0717874 -0.00461851 -0.133677 -0.276146 
-0.109595 -0.029634 -0.248228 -0.195976 
-0.0747504 -0.0297952 -0.0297724 -0.0297738 
-0.0488513 -0.847949 -0.0299131 -0.0709347 
0 0 0 0 
-0.841238 -0.00768213 -0.0776831 -0.188388 
-0.067424 -0.0327018 -0.00877759 -0.461465 
-0.0467286 -0.0287928 -0.0759577 -0.0288199 
-0.0287311 -0.0287266 -0.028718 -0.0287699 
-0.0286385 -0.0286215 -0.0286159 -0.0286601 
-0.0285367 -0.0285303 -0.0285219 -0.0285961 
-0.0284521 -0.0284471 -0.0284382 -0.0284615 
-0.0283836 -0.0283286 -0.0283252 -0.0283861 
-0.0282727 -0.0282107 -0.0282264 -0.0282071 
-0.0280804 -0.028089 -0.0281153 -0.0281107 
-0.0279685 -0.0279524 -0.0279941 -0.0279729 
-0.0278497 -0.0278536 -0.0279022 -0.0278479 
-0.0277583 -0.0277261 -0.0277744 -0.0277257 
-0.0276635 -0.0275973 -0.0276612 -0.0275943 
-0.0275463 -0.0274824 -0.027518 -0.027526 
-0.02738 -0.194566 -0.196238 -0.0274022 
0 -0.000118233 -0.893876 -0.000374028 
-0.517328 -0.0343994 -0.0262137 -0.0264091 
-0.0806852 -0.0265785 -0.0314894 -0.0266165 
-0.0264514 -0.0264261 -0.0264232 -0.0265181 
-0.0263611 -0.0262848 -0.026292 -0.0263044 
-0.0262267 -0.0261578 -0.0261688 -0.0261974 
-0.0260865 -0.0260918 -0.0260563 -0.0261379 
-0.0260879 -0.0261184 -0.0260856 -0.0260903 
-0.0260278 -0.0260324 -0.0260475 -0.0260237 
-0.0259763 -0.0259745 -0.0259725 -0.0259768 
-0.0259135 -0.328247 -0.0258444 -0.02595 
-0.499501 -0.207436 -0.211785 -0.132595 
-0.27119 -0.259438 -0.233593 -0.310113 
-0.34249 -0.313204 -0.224056 -0.981579 
-0.427184 -0.16283 -0.96475 -0.325546 
-0.430798 -0.649874 -0.45046 -0.268677 
-0.16081 -0.182336 -0.992928 -0.219006 
-0.467611 -0.964429 -0.252328 -0.348628 
0 0 0 0 
-1.0002 -0.128102 -0.186289 -0.0377625 
-0.0971555 -0.146064 -0.058851 -0.0400116 
-0.205177 -0.251751 -0.0821168 -0.220023 
-0.230192 -0.267497 -0.247946 -0.99885 
-0.510925 -0.573199 -0.249657 -0.501144 
-0.221131 -0.0858236 -0.960413 -0.735517 
-0.133949 -0.118201 -0.144437 -0.490148 
-0.112519 -0.0649219 -0.122499 -0.0285519 
-0.0316367 -0.0778558 -0.0891229 -0.0647822 
-0.0301771 -0.153356 -0.109871 -0.318842 
-0.073215 -0.0844524 -0.0369345 -0.992357 
-0.23779 -0.029675 -0.0296236 -0.176929 
-0.0296956 -0.029701 -0.0297271 -0.0297378 
-0.029722 -0.116309 -0.0297253 -0.029693 
-0.015233 -0.00689031 -0.700114 -0.0151865 
-0.0149561 -0.705076 -0.00701957 -0.0149852 
0 0 0 0 
-0.45685 -0.0289043 -0.0288946 -0.0289155 
-0.0288454 -0.0288486 -0.0288453 -0.0288926 
-0.0287828 -0.028751 -0.0287371 -0.0287994 
-0.0286845 -0.028635 -0.0286417 -0.0287227 
-0.0285031 -0.0285198 -0.0285395 -0.0285704 
-0.0283936 -0.0284048 -0.0284085 -0.0284373 
-0.0282789 -0.028269 -0.0282929 -0.0283366 
-0.0281925 -0.0281234 -0.0281555 -0.0281211 
-0.0279476 -0.0279478 -0.0279688 -0.0279989 
-0.027839 -0.0278023 -0.0278669 -0.0278045 
-0.0277043 -0.0277063 -0.0277142 -0.027767 
-0.0276515 -0.0275913 -0.0275752 -0.0276418 
-0.0275127 -0.0274659 -0.0274722 -0.027494 
-0.0273144 -0.0273056 -0.0273249 -0.0273616 
-0.0271395 -0.0271241 -0.233801 -0.027137 
-0.0269949 -0.0269345 -0.040826 -0.0269352 
-0.026785 -0.0267449 -0.0267394 -0.0267884 
-0.0266016 -0.0265785 -0.0265819 -0.0265652 
-0.026477 -0.0264227 -0.026418 -0.0264547 
-0.026335 -0.0262938 -0.0263014 -0.0262867 
-0.0261866 -0.0262264 -0.0261915 -0.0261999 
-0.0261665 -0.0261487 -0.0261856 -0.0261615 
-0.0261297 -0.0260619 -0.0260756 -0.0260992 
-0.0260588 -0.026087 -0.0260297 -0.0260327 
-0.0260837 -0.149799 -0.0415752 -0.0261105 
-0.466715 -0.427001 -0.242042 -0.114098 
-0.226232 -0.994926 -0.105904 -0.102049 
0 0 0 0 
-0.8689 -0.108879 -0.108967 -0.228131 
-0.13165 -0.130456 -0.157734 -0.928725 
-0.301002 -0.248242 -0.45311 -0.149775 
-0.238687 -0.339673 -0.32674 -0.961472 
-0.307009 -0.0610772 -1.00002 -0.205779 
-0.061066 -0.0610875 -0.0844721 -0.039575 
-0.0397933 -0.0611596 -0.0626113 -0.0935599 
-0.0611682 -1.0002 -0.1513 -0.207923 
0 0 0 0 
-0.745124 -0.5001 -0.288987 -0.924298 
0 0 0 0 
0 0 0 0 
-0.986804 -0.0672389 -0.0503576 -0.0230269 
-0.11169 -0.067738 -0.0470441 -0.150845 
-0.033669 -0.987831 -0.0851846 -0.304827 
0 0 0 0 
-0.92113 -0.000526114 -0.0015711 -0.000397989 
-0.0768113 -0.0297116 -0.0296836 -0.02978 
-0.0297197 -0.0667547 -0.0297601 -0.0297319 
-0.0153147 -0.0847246 -0.0088186 -0.0152629 
-0.0150104 -0.283743 -0.0127486 -0.014989 
-0.0012204 -0.00101201 -0.949517 -0.00114368 
-0.340524 -0.0289984 -0.0290239 -0.0290635 
-0.0289668 -0.0289755 -0.028978 -0.028959 
-0.0289299 -0.0288936 -0.0288658 -0.0289443 
-0.0288298 -0.0287762 -0.0287718 -0.0287561 
-0.0287026 -0.0286376 -0.0286501 -0.028639 
-0.0285371 -0.0285056 -0.0285 -0.028546 
-0.0284079 -0.0283722 -0.0283724 -0.0284252 
-0.0282225 -0.0282308 -0.0282277 -0.0282621 
-0.0281466 -0.0280645 -0.0280539 -0.0281058 
-0.027953 -0.0279189 -0.0279174 -0.0278962 
-0.0278131 -0.0277954 -0.0277771 -0.027794 
-0.0276714 -0.0276484 -0.0276744 -0.0276635 
-0.0275267 -0.0274901 -0.0275187 -0.362563 
-0.0273751 -0.0273297 -0.0273702 -0.106493 
-0.0271641 -0.0271463 -0.0271722 -0.0271926 
-0.027016 -0.0269872 -0.0269961 -0.0269974 
-0.0268807 -0.0268209 -0.0268088 -0.0268058 
-0.0266877 -0.0266569 -0.0266537 -0.0266815 
-0.0265216 -0.0265203 -0.0265141 -0.0265806 
-0.0264613 -0.0263828 -0.0264083 -0.0264459 
-0.0263343 -0.026282 -0.0262656 -0.0263369 
-0.0262366 -0.0262153 -0.0262247 -0.0262357 
-0.0261666 -0.026161 -0.0261452 -0.0261674 
-0.0260905 -0.0260793 -0.0261132 -0.0261133 
-0.0260367 -0.280918 -0.026047 -0.026063 
-0.423653 -0.160536 -0.200158 -0.17244 
-0.119224 -0.18386 -0.24455 -0.0696372 
-0.0643313 -0.182062 -0.96136 -0.0658002 
-0.320213 -0.961255 -0.0437008 -0.0346878 
0 0 0 0 
-0.86388 -0.863776 -0.147079 -0.139631 
0 0 0 0 
-1.00018 -0.0376987 -0.513783 -0.244985 
-0.108462 -0.09445 -0.0546761 -0.0393566 
-0.137841 -0.0585172 -0.188976 -0.136187 
-0.136613 -0.321965 -0.0361077 -0.16414 
-0.140092 -0.952163 -0.978505 -0.0308778 
0 0 0 0 
-0.908211 0 -0.854975 0 
-0.209851 -0.0852712 -0.715069 -0.0370467 
-0.0370598 -0.0470798 -0.0725315 -0.0370712 
-0.0328474 -0.237954 -0.0565198 -0.047213 
-0.00709216 -0.910827 -0.0554862 -0.00879228 
0 0 0 0 
-0.461465 -0.0299048 -0.220175 -0.0298356 
-0.0299149 -0.0298884 -0.033923 -0.0299398 
-0.0298217 -0.0298241 -0.0298024 -0.0298599 
-0.0297881 -0.029734 -0.038271 -0.0297428 
-0.0296964 -0.0726996 -0.0495982 -0.0296915 
-0.0293074 -0.0293151 -0.176866 -0.0293982 
-0.0292571 -0.0291864 -0.0291598 -0.0291947 
-0.0290786 -0.0291069 -0.0291039 -0.0290961 
-0.0290786 -0.0290169 -0.0290104 -0.0290778 
-0.0289007 -0.0288871 -0.0288859 -0.0289556 
-0.0287918 -0.0287735 -0.0287707 -0.0287478 
-0.0287131 -0.0286414 -0.0286255 -0.0286983 
-0.028565 -0.0284728 -0.0285014 -0.0284955 
-0.0283493 -0.0283139 -0.0283345 -0.0283887 
-0.0281766 -0.0281593 -0.0281574 -0.0282218 
-0.0280103 -0.0279991 -0.0280042 -0.028036 
-0.0279172 -0.0278558 -0.0278597 -0.0278346 
-0.0277642 -0.413167 -0.0277428 -0.0277263 
0 0 0 0 
-0.543513 -0.0272241 -0.027274 -0.0272118 
-0.0271225 -0.0271405 -0.0271619 -0.144945 
-0.0269872 -0.026999 -0.0270204 -0.0270323 
-0.0269139 -0.026852 -0.0268304 -0.0268614 
-0.0267629 -0.0267163 -0.0267025 -0.0266993 
-0.02661 -0.0265965 -0.02658 -0.0265739 
-0.0264857 -0.0264716 -0.0264939 -0.0264643 
-0.0264188 -0.0263844 -0.0263558 -0.0263643 
-0.026317 -0.026294 -0.0263107 -0.0263028 
-0.0262725 -0.0262342 -0.026232 -0.0262869 
-0.0262352 -0.0488757 -0.0261728 -0.0262143 
-0.0260873 -0.2732 -0.025991 -0.0290189 
-0.490057 -0.175737 -0.131994 -0.152529 
-0.122119 -0.121866 -0.206323 -0.0426714 
-0.0746259 -0.191167 -0.118957 -0.113877 
-0.162539 -0.437127 -0.25597 -0.0733806 
-0.0678262 -0.108378 -0.979773 -0.319434 
-0.559753 -0.127847 -0.343172 -0.209459 
-0.156921 -0.175112 -0.997163 -0.102798 
-0.15195 -0.0299585 -0.201438 -0.171854 
-0.0608225 -0.0460896 -0.0830924 -0.0391378 
-0.0427648 -0.155418 -0.146851 -0.117896 
-0.219727 -0.0396149 -0.281181 -0.999926 
-0.359058 -0.44104 -0.166184 -0.0243769 
-0.0531832 -0.208017 -0.987963 -0.142591 
-0.127449 -0.0372348 -0.652271 -0.0372164 
-0.0372615 -0.0374783 -0.0580789 -0.0370584 
-0.0452501 -0.040832 -0.0371315 -0.0371261 
-0.0418807 -0.0574344 -0.0323801 -0.0541852 
-0.0213073 -0.176392 -0.0480792 -0.0209793 
-0.157822 -0.0299552 -0.45685 -0.842563 
-0.0299421 -0.0299751 -0.0538092 -0.191882 
-0.0299319 -0.029945 -0.0299455 -0.0299355 
-0.0298558 -0.029876 -0.0298828 -0.0298673 
-0.0297725 -0.0297806 -0.0297751 -0.0298245 
-0.0296386 -0.0296323 -0.0296387 -0.0297239 
-0.0295045 -0.0294553 -0.0294508 -0.0294843 
-0.0293193 -0.0292978 -0.0293067 -0.0293057 
-0.0291968 -0.0292306 -0.0292145 -0.0292137 
-0.0292002 -0.0291689 -0.0291734 -0.029192 
-0.0291092 -0.0290593 -0.0290448 -0.0290464 
-0.0289134 -0.0289155 -0.0289097 -0.028963 
-0.0287753 -0.0287893 -0.0287793 -0.0288623 
-0.028707 -0.0286162 -0.0286081 -0.0286595 
-0.0285152 -0.0284262 -0.0284463 -0.0284513 
-0.028329 -0.0282613 -0.028271 -0.0391583 
-0.0281544 -0.0280704 -0.0280623 -0.228855 
-0.0278741 -0.0278809 -0.0278897 -0.41734 
-0.0277534 -0.0276912 -0.0277066 -0.0277177 
-0.0275852 -0.0275102 -0.366225 -0.0275285 
-0.0273257 -0.0273189 -0.0273436 -0.0273496 
-0.0272075 -0.0271448 -0.027163 -0.339443 
-0.0856627 -0.0269984 -0.0270152 -0.351794 
-0.0268547 -0.0268321 -0.0268689 -0.0268321 
-0.0267296 -0.0266787 -0.0267104 -0.0266822 
-0.0265828 -0.026576 -0.0265731 -0.0265699 
-0.0265259 -0.0264733 -0.0264593 -0.0264777 
-0.026407 -0.0263886 -0.0263988 -0.0263627 
-0.02637 -0.0263037 -0.0263398 -0.0263563 
-0.0263304 -0.0262655 -0.0263007 -0.0263026 
-0.0262552 -0.105752 -0.0262525 -0.0262938 
-0.00693921 -0.434928 -0.0111332 -0.000200171 
-0.240245 -0.15209 -0.263528 -0.158543 
-0.158144 -0.0210704 -0.105236 -0.923304 
-0.114709 -0.0712745 -0.076228 -0.00710171 
-0.0994243 -0.166218 -0.112891 -0.123954 
-0.109542 -0.106569 -0.201976 -0.925222 
-0.183765 -0.169454 -0.177068 -0.13909 
-0.17365 -0.0924856 -0.336858 -0.170457 
-0.203705 -0.236054 -0.0599525 -0.316801 
-0.106628 -0.0611995 -0.0685736 -0.0389173 
-0.203108 -1.00019 -0.0393978 -0.117607 
0 0 0 0 
-0.961461 -0.0787259 -0.0957239 -0.0163818 
-0.05329 -0.0576134 -0.156891 -0.0190943 
-0.0475656 -0.0369027 -0.0994242 -0.0373117 
-0.053199 -0.0371227 -0.0372253 -0.0371953 
-0.0418291 -0.0374992 -0.0371774 -0.0371726 
-0.0311195 -0.0804784 -0.0314903 -0.0402141 
-0.0269734 -0.826851 -0.0794663 -0.0476127 
0 0 0 0 
-0.710022 -0.0300753 -0.0329781 -0.0732786 
-0.0299606 -0.0299839 -0.0299991 -0.0299764 
-0.02991 -0.0299216 -0.0299337 -0.0299519 
-0.0299003 -0.029884 -0.0298775 -0.0299524 
-0.0298556 -0.0452461 -0.0297801 -0.0503432 
-0.0295161 -0.0294169 -0.0293794 -0.117732 
-0.0293379 -0.0293754 -0.0293414 -0.0293846 
-0.0292865 -0.0293379 -0.0293122 -0.0293275 
-0.0293148 -0.0293001 -0.0293154 -0.0293746 
-0.0292335 -0.0291875 -0.0292028 -0.0292535 
-0.029092 -0.0290665 -0.0290765 -0.0291287 
-0.0289851 -0.072556 -0.0289589 -0.0289621 
-0.0287692 -0.192485 -0.0287529 -0.185814 
-0.0285023 -0.0283398 -0.0283492 -0.751299 
-0.098275 -0.245017 -0.0284188 -0.0284397 
-0.00302428 -0.86265 -0.00302031 -0.00303706 
0 0 0 0 
-0.362563 -0.0276559 -0.0276189 -0.0276256 
-0.0276253 -0.113333 -0.0276165 -0.0276413 
-0.0272936 -0.499373 -0.027333 -0.027285 
-0.000277953 -0.965419 -0.000643955 0 
0 0 0 0 
-0.563949 -0.0267201 -0.0267571 -0.0680832 
-0.0266475 -0.0266026 -0.0266306 -0.0265975 
-0.0264993 -0.026537 -0.0265454 -0.0265234 
-0.0264646 -0.0264431 -0.026487 -0.0314947 
-0.0263428 -0.0263875 -0.0263504 -0.0263511 
-0.0263364 -0.0263624 -0.0263507 -0.0263644 
-0.0263655 -0.0263405 -0.0263366 -0.0304676 
-0.0262619 -0.0262936 -0.0263045 -0.0998753 
-0.0261871 -0.16398 -0.130977 -0.0262425 
-0.370123 -0.725088 -0.0807016 -0.0319363 
0 0 0 0 
-0.923346 -0.324492 -0.0936055 -0.032812 
-0.129637 -0.857249 -0.0608623 -0.352387 
0 0 0 0 
-0.961653 -0.118048 -0.125703 -0.248858 
-0.14302 -0.435172 -0.0977145 -0.268898 
-0.0936363 -0.132219 -0.131002 -0.999229 
-0.0986224 -0.038691 -0.0387312 -0.11602 
-0.0385182 -0.280948 -0.0399559 -0.0384477 
-0.123429 -0.0721645 -0.996584 -0.0380894 
-0.261318 -0.037695 -0.0587959 -0.06341 
-0.0375295 -0.0375439 -0.0819394 -0.0375322 
-0.0373981 -0.0373812 -0.0373734 -0.0373853 
-0.0377901 -0.0372511 -0.0372301 -0.0372358 
-0.0371664 -0.040444 -0.0371227 -0.0371129 
-0.0333065 -0.0550388 -0.0310949 -0.0366681 
-0.0291991 -0.0422823 -0.270623 -0.145688 
-0.0641103 -0.117594 -0.846621 -0.461465 
-0.113043 -0.0300852 -0.03011 -0.12051 
-0.0300427 -0.03004 -0.0300178 -0.0300721 
-0.0300058 -0.0300329 -0.0299968 -0.0300309 
-0.0300399 -0.0467461 -0.0299856 -0.0299841 
-0.0294065 -0.126131 -0.0293934 -0.0292035 
-0.0292714 -0.0293384 -0.029261 -0.838503 
-0.0293891 -0.0293987 -0.0294119 -0.0293694 
-0.0294584 -0.0294508 -0.0294389 -0.029491 
-0.0294685 -0.0294878 -0.0294682 -0.0294729 
-0.029346 -0.0293683 -0.029349 -0.0293521 
-0.0292896 -0.0539525 -0.0292216 -0.0292926 
-0.0289749 -0.114197 -0.0290138 -0.029002 
-0.028781 -0.81095 -0.0287993 -0.0287691 
0 0 0 0 
-0.41734 -0.0285376 -0.0285602 -0.0285768 
-0.0286169 -0.41734 -0.15524 -0.0481209 
0 0 0 0 
-0.61964 -0.0276068 -0.0275461 -0.348276 
-0.13094 -0.0276485 -0.027676 -0.027656 
-0.0276583 -0.0349357 -0.0289323 -0.0276926 
-0.0275626 -0.0799363 -0.282959 -0.0275071 
0 -0.000323035 -0.820805 -0.000281268 
-0.15573 -0.0264593 -0.103863 -0.0265074 
-0.026522 -0.0265197 -0.0265552 -0.172327 
-0.0264631 -0.0264338 -0.0265078 -0.334553 
-0.026378 -0.0263672 -0.0263793 -0.0726635 
-0.0263343 -0.0263217 -0.026319 -0.0263 
-0.0262999 -0.026321 -0.0262975 -0.0263364 
-0.0262846 -0.0262689 -0.0263322 -0.0705409 
-0.0263034 -0.0289105 -0.026266 -0.554976 
-0.0262536 -0.165637 -0.0643919 -0.230142 
-0.363852 -0.0326353 -0.0818271 -0.0607649 
-0.0561189 -0.0328159 -0.718104 -0.0618808 
-0.0327865 -0.107623 -0.0328025 -0.0327646 
-0.0327542 -0.923304 -0.0393998 -0.0858178 
0 0 0 0 
-0.862565 -0.0938003 -0.4177 -0.485247 
-0.0959436 -0.926066 -0.0858447 -0.0448181 
0 0 0 0 
-0.999743 -0.0625714 -0.0715773 -0.0340426 
-0.0734372 -0.0381633 -0.0383636 -0.0383173 
-0.0381221 -0.0377951 -0.0380892 -0.0381106 
-0.0378794 -0.0372803 -0.0378361 -0.0378326 
-0.037704 -0.0365428 -0.0376112 -0.0376282 
-0.0374653 -0.0355094 -0.0373824 -0.0373762 
-0.0372411 -0.0371618 -0.0372222 -0.0341303 
-0.0369885 -0.0370182 -0.0387615 -0.0369654 
-0.0370191 -0.231589 -0.0535065 -0.071335 
-0.0276637 -0.950009 -0.0256566 -0.0294264 
0 0 0 0 
-0.710069 -0.0301759 -0.0301686 -0.0302498 
-0.0300839 -0.0301205 -0.0300798 -0.0300794 
-0.0301009 -0.0300472 -0.0300814 -0.228103 
-0.0299929 -0.1906 -0.0300307 -0.0407196 
-0.0293502 -0.826745 -0.0291749 -0.0347731 
0 0 0 0 
-0.702548 -0.0295084 -0.0294603 -0.0295583 
-0.0296108 -0.0296593 -0.0296045 -0.0296748 
-0.0296646 -0.0296346 -0.0296476 -0.0296614 
-0.0295335 -0.0294589 -0.0294945 -0.0295387 
-0.0293439 -0.0292747 -0.0292875 -0.0293086 
-0.0291698 -0.0290807 -0.0290992 -0.0290959 
-0.028957 -0.0289083 -0.0289134 -0.0289044 
-0.0288245 -0.0287528 -0.660543 -0.0287389 
-0.02862 -0.0286266 -0.028631 -0.0286113 
-0.0285245 -0.34447 -0.0285299 -0.0285165 
-0.000142891 -0.754329 -0.855895 0 
0 0 0 0 
-0.630755 -0.0276247 -0.0276054 -0.027767 
-0.0276451 -0.0276229 -0.0276201 -0.0276222 
-0.0275834 -0.0275393 -0.0275623 -0.348276 
-0.0275525 -0.0330268 -0.18144 -0.570728 
-0.0520294 -0.0264697 -0.0264686 -0.100861 
-0.0264212 -0.712854 -0.0264548 -0.0513346 
0 0 0 0 
-0.563949 -0.0262382 -0.0261888 -0.0262454 
-0.0262735 -0.0262889 -0.0262743 -0.0262444 
-0.026295 -0.167872 -0.0263041 -0.0262524 
-0.0260314 -0.705379 -0.0260171 -0.025956 
0 0 0 0 
-0.696444 -0.270591 0 -0.00680804 
-0.430657 -0.0324751 -0.0324775 -0.0324488 
-0.0325468 -0.0325657 -0.19789 -0.032635 
-0.0326685 -0.0326978 -0.0327087 -0.0326738 
-0.032613 -0.0507319 -0.0326679 -0.0326026 
-0.00053091 -0.85861 -0.47559 -0.000589579 
0 0 0 0 
-0.85861 -0.33594 -0.313942 -0.0445426 
-0.0998756 -0.0489648 -0.954251 -0.0762881 
-0.0630737 -0.0662003 -0.203502 -0.0334236 
-0.0732271 -0.0383036 -0.0710131 -0.0537187 
-0.054289 -0.104224 -0.0381911 -0.0722908 
-0.0378281 -0.0377401 -0.0377396 -0.125912 
-0.0504888 -0.0384632 -0.0377169 -0.0377198 
-0.037249 -0.037143 -0.0372542 -0.0371603 
-0.036966 -0.0369524 -0.0369689 -0.0324007 
-0.0368563 -0.0367558 -0.036843 -0.0367393 
-0.036634 -0.0390674 -0.103366 -0.0365646 
-0.0272919 -0.712814 -0.0462093 -0.028645 
0 0 0 0 
-0.691716 -0.07288 -0.0303314 -0.0304124 
-0.177927 -0.0300392 -0.0300234 -0.119943 
-0.029977 -0.0376675 -0.0300179 -0.801207 
-0.174243 -0.0798704 -0.0663037 -0.184335 
-0.0798977 -0.116278 -0.186219 -0.16968 
0 0 -0.801113 -0.41734 
-0.209444 -0.029721 -0.0656051 -0.132879 
-0.0532713 -0.0298084 -0.0297861 -0.0298444 
-0.0298339 -0.0298138 -0.0298147 -0.0298721 
-0.0297125 -0.0296604 -0.0296467 -0.0297302 
-0.0294607 -0.0597292 -0.0294616 -0.0294653 
-0.0290037 -0.0289823 -0.0289915 -0.0619792 
-0.0288593 -0.0447231 -0.0288869 -0.0288591 
-0.0287221 -0.028622 -0.0986452 -0.0286572 
-0.028579 -0.0285403 -0.0285562 -0.0285189 
-0.0284716 -0.0284096 -0.0284455 -0.0283947 
-0.0283044 -0.0282954 -0.406068 -0.0282524 
-0.0454182 -0.0450464 -0.728068 -0.0282314 
-0.0881793 -0.116104 -0.0927831 -0.0280914 
-0.0400135 -0.733694 -0.0276313 -0.0403519 
0 0 0 0 
0 0 0 0 
-0.705379 -6.89449e-05 -0.000192748 0 
-8.42437e-05 -0.138799 -0.0734398 -6.89449e-05 
-5.98956e-05 -0.000222676 -0.792649 -0.000246003 
-0.100887 -0.0262492 -0.0262705 -0.026272 
-0.0262031 -0.0261938 -0.026255 -0.0262376 
-0.0261941 -0.026166 -0.0261803 -0.0261464 
-0.0260834 -0.0260536 -0.026041 -0.0260822 
-0.0260805 -0.0260659 -0.334553 -0.0260495 
-0.0260961 -0.149799 -0.0274242 -0.0282046 
-0.45707 -0.0324207 -0.0323782 -0.0325602 
-0.129119 -0.0328357 -0.0372528 -0.0329117 
-0.0328493 -0.0328148 -0.0328048 -0.032882 
-0.0328632 -0.0879352 -0.0464198 -0.0328329 
-0.000865153 -0.000724538 -0.0698584 -0.000995213 
-0.000701237 -0.00228133 -0.857249 -0.495099 
-0.378028 -0.0392771 -0.0363156 -0.139367 
-0.073819 -0.0552703 -0.112017 -0.050009 
-0.072216 -0.028674 -0.106711 -0.0701029 
-0.0652352 -0.113743 -0.0210872 -0.0619656 
-0.0495904 -0.0496006 -0.024894 -0.167957 
-0.0496403 -0.0599734 -0.100907 -0.947092 
-0.105713 -0.0545468 -0.0377285 -0.323035 
-0.0520382 -0.0369444 -0.0370003 -0.0424729 
-0.0368326 -0.0367406 -0.0367639 -0.0303767 
-0.0365915 -0.0365464 -0.0366163 -0.0364278 
-0.0363833 -0.0667807 -0.0364523 -0.0363663 
-0.0361152 -0.116269 -0.0379275 -0.0360571 
-0.0153019 -0.0758152 -0.909603 -0.00705159 
-0.0459442 -0.173399 -0.0304854 -0.268369 
0 -0.914565 -0.00082042 -0.000146778 
0 0 0 0 
-0.680904 -0.0442583 -0.0482989 -0.140387 
-0.170635 -0.678618 -0.0632485 -0.45685 
0 0 0 0 
-0.795313 -0.0301081 -0.0408419 -0.0307535 
-0.150489 -0.0299951 -0.0299462 -0.0300978 
-0.030027 -0.0300221 -0.0299274 -0.0301079 
-0.0299034 -0.0739139 -0.0284122 -0.0298865 
-0.0294559 -0.163957 -0.0294665 -0.0294843 
-0.0288724 -0.0286494 -0.0286851 -0.785231 
-0.0287095 -0.0286938 -0.0287631 -0.0287238 
-0.0285979 -0.028606 -0.0286152 -0.0285978 
-0.0284639 -0.0284516 -0.0285175 -0.0284731 
-0.0283822 -0.0283523 -0.0283438 -0.02836 
-0.0282831 -0.0282341 -0.0940633 -0.0282625 
-0.0281791 -0.0281398 -0.179949 -0.0281245 
-0.0280558 -0.0430157 -0.0280557 -0.0280226 
-0.00139277 -0.596035 -0.0881676 -0.00167895 
0 0 0 0 
-0.344793 -0.0265906 -0.571042 -0.0266368 
-0.0266136 -0.0265899 -0.167852 -0.0266648 
-0.0264584 -0.0262407 -0.031766 -0.0265035 
-0.0262893 -0.0263103 -0.16633 -0.0263012 
-0.0262871 -0.0262903 -0.0263247 -0.0262849 
-0.026198 -0.0262361 -0.0262362 -0.0262041 
-0.0261468 -0.0261565 -0.0261714 -0.02613 
-0.02609 -0.0260751 -0.0260737 -0.0260972 
-0.026007 -0.0260377 -0.0260439 -0.0260593 
-0.0260094 -0.275316 -0.0259632 -0.026026 
-0.237843 -0.033024 -0.061617 -0.0329994 
-0.0330266 -0.0330332 -0.0753132 -0.033075 
-0.0330006 -0.0329251 -0.0329405 -0.03295 
-0.0329135 -0.0328833 -0.0328719 -0.0329405 
-0.0328095 -0.712814 -0.080746 -0.0328864 
0 0 0 0 
-0.861167 0 -0.0109433 0 
-0.314689 -0.0554911 -0.0619423 -0.727656 
-0.110987 -0.151414 -0.0739724 -0.183582 
-0.0655907 -0.0937025 -0.0550188 -0.0691909 
-0.0380222 -0.951573 -0.0488457 -0.0748262 
0 0 0 0 
-0.939393 -0.0344215 -0.136497 -0.0165007 
-0.0654786 -0.0364738 -0.0366479 -0.0373948 
-0.0365396 -0.0365197 -0.0365699 -0.0281722 
-0.0363298 -0.036336 -0.0364303 -0.0358109 
-0.0362283 -0.0361822 -0.0361913 -0.0361581 
-0.0361396 -0.0361092 -0.0360805 -0.0360819 
-0.0361129 -0.0465688 -0.445695 -0.0439041 
-0.0479242 -0.0306568 -0.0306052 -0.832564 
-0.030752 -0.0308128 -0.346532 -0.0308224 
-0.0308569 -0.0308872 -0.351794 -0.0308465 
-0.0308894 -0.637404 -0.0327438 -0.0309375 
0 0 0 0 
-0.660543 -0.00311653 -0.622346 -0.00388408 
-0.0656462 -0.0302897 -0.0302574 -0.0303026 
-0.0304118 -0.030147 -0.0501125 -0.0304351 
-0.0302679 -0.0302299 -0.0300136 -0.0303378 
-0.0301526 -0.0827628 -0.0282692 -0.0301646 
-0.0291613 -0.452281 -0.0294443 -0.167443 
0 0 0 0 
-0.413167 -0.0286904 -0.0286692 -0.207094 
-0.0286306 -0.0871086 -0.0286689 -0.0286545 
-0.0284516 -0.0283838 -0.0283702 -0.488459 
-0.02834 -0.0282791 -0.0283422 -0.0507736 
-0.0282239 -0.0281504 -0.0282013 -0.0522447 
-0.0280394 -0.0279909 -0.0280016 -0.0280077 
-0.027877 -0.0317508 -0.0279326 -0.0278748 
-0.0274747 -0.0273406 -0.0875325 -0.0274116 
-0.027245 -0.027163 -0.362563 -0.0272042 
-0.0270546 -0.0269511 -0.0793243 -0.0269696 
-0.0267654 -0.0267227 -0.0267488 -0.0267559 
-0.0265642 -0.0265111 -0.0265693 -0.0265813 
-0.0264227 -0.0263925 -0.0263966 -0.0264226 
-0.0263783 -0.0263054 -0.0263505 -0.0263357 
-0.026279 -0.0262123 -0.0262225 -0.0703655 
-0.0261893 -0.0261452 -0.0261233 -0.0261209 
-0.0261297 -0.0260817 -0.0260623 -0.0261071 
-0.0260608 -0.0260318 -0.0260568 -0.0260857 
-0.0260504 -0.162341 -0.0260063 -0.078265 
-0.226186 -0.0331228 -0.0445214 -0.0330965 
-0.0330838 -0.0330747 -0.0330702 -0.0516408 
-0.0330306 -0.0330126 -0.0329827 -0.0329818 
-0.0329945 -0.0724517 -0.0330064 -0.0330229 
-0.0330311 -0.193833 -0.193843 -0.0330068 
-0.000203828 0 -0.842767 -0.000268567 
0 0 0 0 
0 0 0 0 
-0.947957 -0.0298763 -0.0257189 -0.0252187 
-0.228224 -0.0964078 -0.0682329 -0.0409402 
-0.0373039 -0.101864 -0.0365476 -0.0347244 
-0.0344504 -0.131095 -0.909173 -0.0144093 
-0.0138614 -0.0428853 -0.0990801 -0.0487923 
-0.0396698 -0.0362627 -0.0512233 -0.0361859 
-0.0363107 -0.0363061 -0.0363965 -0.0259276 
-0.036166 -0.0361161 -0.0361654 -0.0335781 
-0.0360341 -0.0359699 -0.0359953 -0.0359452 
-0.0359926 -0.035951 -0.0360353 -0.0359484 
-0.0359562 -0.707815 -0.0607058 -0.0832407 
0 0 0 0 
-0.45685 -0.030911 -0.03088 -0.0445347 
-0.0309157 -0.0308907 -0.0309136 -0.0308886 
-0.0309579 -0.0309205 -0.030938 -0.0309317 
-0.0309398 -0.0503935 -0.658111 -0.0309799 
-0.030917 -0.0308819 -0.0798546 -0.0561966 
-0.0357304 -0.0306606 -0.0438979 -0.0308378 
-0.0306894 -0.0306123 -0.0303575 -0.0306776 
-0.030523 -0.0304428 -0.0303424 -0.0305076 
-0.0302968 -0.158447 -0.0290398 -0.0303365 
-0.00281361 -0.803699 -0.00323679 -0.00222621 
0 0 0 0 
-0.83018 -0.00392928 -0.00384193 -0.00434282 
-0.139746 -0.229587 -0.0286391 -0.0291415 
-0.000342194 0 0 -0.966418 
-0.379249 0 0 -0.000924977 
-0.133793 -0.0277958 -0.0277399 -0.0277775 
-0.0278506 -0.0278572 -0.0278881 -0.0399647 
-0.0277034 -0.0276992 -0.0277704 -0.0277241 
-0.0275907 -0.0275081 -0.027509 -0.362563 
-0.0273512 -0.100778 -0.0273481 -0.110546 
-0.0270176 -0.0268221 -0.0268387 -0.555648 
-0.0267113 -0.0267128 -0.0266985 -0.109262 
-0.0265542 -0.0265648 -0.0265633 -0.0265458 
-0.0264477 -0.0264463 -0.0264384 -0.0264607 
-0.0263356 -0.0598745 -0.0263569 -0.0263143 
-0.0260015 -0.0259812 -0.0260549 -0.120988 
-0.026042 -0.0260833 -0.0261087 -0.163903 
-0.0260998 -0.0260824 -0.0260858 -0.32137 
-0.026085 -0.046695 -0.026049 -0.095921 
-0.000256012 -0.343825 -0.000454847 0 
-0.476953 -0.0794964 -0.0331062 -0.142624 
-0.253296 -0.0330353 -0.0329912 -0.0375641 
-0.033019 -0.0330305 -0.0329846 -0.033011 
-0.0330036 -0.033008 -0.0329992 -0.0330121 
-0.033025 -0.0330707 -0.0330632 -0.0330351 
-0.0331069 -0.452281 -0.290336 -0.0330595 
0 0 0 0 
-0.722545 -0.00835273 -0.850597 -0.00263614 
-0.0529813 -0.0312699 -0.210897 -0.0327117 
-0.13334 -0.0343032 -0.110105 -0.0548356 
-0.0642869 -0.0347403 -0.0743493 -0.146239 
-0.0453715 -0.0352417 -0.0635431 -0.128042 
-0.0628012 -0.0357512 -0.0391839 -0.0435809 
-0.0384939 -0.03614 -0.0427666 -0.0361125 
-0.0360927 -0.0237717 -0.0361199 -0.0360878 
-0.0359239 -0.0358982 -0.0359758 -0.0218078 
-0.0357483 -0.0358003 -0.0357389 -0.0357305 
-0.0358573 -0.0512004 -0.0358854 -0.0396741 
-0.032994 -0.0875867 -0.0328081 -0.170338 
-0.0310719 -0.0308737 -0.849317 -0.452281 
-0.0308655 -0.0374735 -0.0309018 -0.0971863 
-0.0309201 -0.0759966 -0.0308901 -0.250316 
-0.0309953 -0.0309639 -0.0309886 -0.662999 
-0.0311158 -0.031124 -0.155521 -0.164886 
-0.0310608 -0.0310334 -0.0310018 -0.120921 
-0.0309038 -0.0309036 -0.0309107 -0.0309635 
-0.0308824 -0.0308139 -0.0305971 -0.0308447 
-0.0307306 -0.0440735 -0.0305821 -0.0307551 
-0.0305554 -0.0921236 -0.0297616 -0.0306051 
-0.00235528 -0.282126 -0.00235597 -0.00234337 
-0.0024057 -0.00239831 -0.932022 -0.00242403 
-0.285098 -0.0306783 -0.12964 -0.0307467 
-0.0306649 -0.41734 -0.0665367 -0.0306938 
0 0 0 0 
-0.600701 -0.0277711 -0.128263 -0.0348311 
-0.0277663 -0.0277586 -0.0277229 -0.270379 
-0.0276856 -0.0560907 -0.027773 -0.0844668 
-0.0284608 -0.600701 -0.0277137 -0.0276868 
0 0 0 0 
-0.577644 0 -0.000222205 -0.108273 
0 0 0 0 
-0.57528 -0.0264254 -0.026536 -0.0264032 
-0.0264648 -0.026429 -0.0264367 -0.0264609 
-0.0264097 -0.0264036 -0.0264606 -0.026403 
-0.0263246 -0.154661 -0.0263149 -0.0263875 
-0.0109181 -0.0998888 -0.0298289 -0.801019 
-6.42612e-05 -0.799042 -0.000113656 -0.000113188 
0 0 0 0 
-0.546093 -6.55659e-05 0 0 
0 0 -0.000128929 0 
-0.451262 -0.0116203 -0.0919992 -0.00219151 
-0.0700057 -0.0329239 -0.032955 -0.0328947 
-0.0329729 -0.0329617 -0.0330115 -0.032996 
-0.032937 -0.0330085 -0.0329469 -0.0329552 
-0.0330307 -0.0330606 -0.0330646 -0.033026 
-0.033087 -0.0331241 -0.03311 -0.033149 
-0.033103 -0.0331347 -0.697568 -0.0331799 
-0.0331929 -0.033271 -0.266454 -0.0332297 
-0.0436315 -0.0334858 -0.0347133 -0.0332729 
-0.0414474 -0.0487903 -0.0339965 -0.0485717 
-0.0391183 -0.054221 -0.0483323 -0.218717 
-0.0233127 -0.0779965 -0.0146819 -0.907472 
-0.0589187 -0.0291552 -0.0342775 -0.0394012 
-0.0403636 -0.0360008 -0.0360419 -0.0366011 
-0.0359347 -0.0358758 -0.0359771 -0.0358529 
-0.0357686 -0.0356879 -0.0357692 -0.0201221 
-0.0356093 -0.0355517 -0.0355668 -0.0355152 
-0.0355525 -0.0385861 -0.041352 -0.0426749 
-0.0191415 -0.691716 -0.0379453 -0.0125835 
0 0 0 0 
-0.628621 -0.170063 -0.00414936 -0.00392976 
-0.00376945 -0.876998 -0.00379622 -0.00382802 
0 0 0 0 
-0.889053 -0.031237 -0.031258 -0.0312983 
-0.113407 -0.0322381 -0.0311218 -0.0311312 
-0.0587073 -0.0309242 -0.0309417 -0.0311002 
-0.0310265 -0.031017 -0.0308101 -0.0310447 
-0.0308554 -0.0308604 -0.0308113 -0.0308753 
-0.0307617 -0.0307268 -0.0303522 -0.0307755 
-0.0308386 -0.0308517 -0.0492935 -0.0308902 
-0.0307604 -0.0307613 -0.184131 -0.0308292 
-0.03073 -0.0307447 -0.0307428 -0.0307303 
-0.0306269 -0.0305757 -0.0306623 -0.0306682 
-0.0304684 -0.0400458 -0.606138 -0.0301283 
-0.125271 -0.129684 -0.0492848 -0.247535 
-0.000809524 0 -0.000136129 -0.93519 
-0.463257 -0.000393381 -0.000143927 0 
-0.0828412 -0.18358 -0.0276748 -0.0281339 
-0.000244969 0 -0.556087 -0.732248 
-0.184796 0 0 -0.57301 
0 -0.000104886 -0.550523 -6.68972e-05 
-0.0978896 -0.0264217 -0.0264381 -0.0264066 
-0.0264525 -0.0264371 -0.0263992 -0.0264119 
-0.0264041 -0.0264314 -0.0264303 -0.0264128 
-0.0264446 -0.327895 -0.0745352 -0.0264741 
0 0 0 0 
0 -0.000109612 -0.147115 -6.62282e-05 
0 -0.548429 -0.30562 0 
0 0 0 0 
0 0 -6.29824e-05 0 
-0.350093 -0.0329987 -0.153803 -0.0752256 
-0.0329913 -0.0505963 -0.0329382 -0.0329759 
-0.0330165 -0.259151 -0.0330433 -0.0898999 
-0.0329068 -0.0328376 -0.0328741 -0.821567 
-0.0390004 -0.0331313 -0.0331081 -0.304368 
-0.0331895 -0.0331837 -0.0331926 -0.0331896 
-0.033216 -0.0332546 -0.065723 -0.0332227 
-0.0333077 -0.0333153 -0.0333098 -0.0332924 
-0.0333754 -0.0334207 -0.0604359 -0.0334461 
-0.0334723 -0.0486428 -0.0336109 -0.0335828 
-0.067086 -0.911733 -0.00337288 -0.00236718 
0 0 0 0 
-0.822989 -0.0334085 -0.0770126 -0.715069 
-0.270348 -0.0356631 -0.0356489 -0.0480943 
-0.0356747 -0.0353939 -0.0357071 -0.0553 
-0.0355285 -0.0354671 -0.0355201 -0.01878 
-0.0353221 -0.0353021 -0.0353319 -0.0353008 
-0.0351233 -0.050861 -0.0357496 -0.035103 
-0.0253969 -0.0953124 -0.0246971 -0.0228642 
-0.00621245 -0.000930212 -0.910904 -0.000443568 
-0.230189 -0.00391539 -0.00392738 -0.452281 
-0.109375 -0.0316365 -0.255912 -0.153166 
-0.0316327 -0.0316017 -0.670519 -0.0316588 
-0.115861 -0.0314357 -0.0314218 -0.0314285 
-0.0313729 -0.0314231 -0.0596811 -0.0314013 
-0.0413813 -0.031175 -0.0358643 -0.0315045 
-0.0313287 -0.0312214 -0.0309984 -0.0312361 
-0.0311096 -0.031061 -0.0304388 -0.0311048 
-0.0310052 -0.0309448 -0.0307857 -0.0309414 
-0.0309853 -0.0309805 -0.0309876 -0.0309946 
-0.0309598 -0.0309538 -0.0822583 -0.0309973 
-0.0308794 -0.0308164 -0.0308192 -0.0308119 
-0.0307551 -0.0475391 -0.0307394 -0.0485088 
-0.0302574 -0.0637882 -0.0302602 -0.0290802 
-0.00114926 -0.852612 -0.00116313 -0.00111472 
0 0 0 0 
-0.600701 -0.0295969 -0.066293 -0.0295259 
-0.0296007 -0.355348 -0.0440134 -0.0296469 
0 0 0 0 
0 0 0 0 
-0.554976 0 0 0 
-0.099772 -0.0264076 -0.0264088 -0.0393444 
-0.0264004 -0.0263958 -0.0264408 -0.334553 
-0.0264117 -0.0264171 -0.0263875 -0.0263989 
-0.0264414 -0.0264181 -0.0264399 -0.0264146 
-0.0264112 -0.0264735 -0.552772 -0.0475317 
-0.0988637 -0.0270223 -0.0435312 -0.026986 
-0.0269881 -0.0898813 -0.0968086 -0.0269395 
-0.000738566 -0.0439478 -0.530888 -0.000690495 
0 -0.336397 -6.29824e-05 -0.000142495 
-0.32183 -0.0313348 -0.0316615 -0.0312485 
-0.0348054 -0.0329478 -0.0328741 -0.700045 
-0.184233 -0.841623 -0.0330107 -0.11597 
0 0 0 0 
-0.8999 -0.00231823 -0.0264792 -0.0166462 
-0.2807 -0.0332408 -0.0332451 -0.0440569 
-0.0332838 -0.0332817 -0.0444432 -0.168824 
-0.0740357 -0.0334244 -0.0333679 -0.0479231 
-0.0335558 -0.0336256 -0.03257 -0.0336126 
-0.0324987 -0.0498488 -0.0336803 -0.0337016 
-0.00745945 -0.171582 -0.122426 -0.00647862 
-0.00224703 -0.84134 -0.404945 -0.000233003 
0 0 0 0 
-0.823724 -0.0285325 -0.0551578 -0.0269543 
-0.18241 -0.034817 -0.0348754 -0.0348323 
-0.0688593 -0.035252 -0.0353184 -0.0178095 
-0.035114 -0.0350948 -0.0351357 -0.035088 
-0.03497 -0.0349045 -0.0350075 -0.0348954 
-0.0347621 -0.0763301 -0.0510929 -0.034737 
-0.00522116 -0.844003 -0.000509272 -0.0776058 
0 0 0 0 
-0.659722 -0.00147666 -0.00149707 -0.163399 
-0.0618474 -0.0318463 -0.0317821 -0.0632561 
-0.0341359 -0.0319858 -0.0524605 -0.0320732 
-0.0318396 -0.0317009 -0.038934 -0.0318996 
-0.0316702 -0.0312835 -0.0316232 -0.0316807 
-0.031529 -0.0314397 -0.0312047 -0.0314398 
-0.0313367 -0.0312664 -0.0308644 -0.0313658 
-0.0311556 -0.0311541 -0.0311004 -0.0311567 
-0.0311738 -0.0311499 -0.0311308 -0.0312239 
-0.0310791 -0.0958246 -0.0310562 -0.0311077 
-0.0307494 -0.0458082 -0.0308057 -0.753219 
-0.137139 -0.0300817 -0.0301482 -0.342411 
-0.0300985 -0.0269616 -0.0301397 -0.13769 
-0.0299643 -0.023704 -0.212188 -0.369924 
-0.0298613 -0.0203162 -0.388988 -0.122076 
-0.0296882 -0.0296562 -0.122076 -0.0184877 
-0.0296076 -0.120807 -0.0296142 -0.0296252 
-9.76062e-05 -0.598356 -0.596035 0 
0 0 0 0 
-0.787428 -0.00011675 0 -8.38703e-05 
-0.25927 -0.366225 -0.0201191 -0.0196209 
0 0 0 0 
-0.715809 -0.0263871 -0.0264222 -0.0733365 
-0.0264195 -0.066769 -0.0263637 -0.0417418 
-6.68972e-05 -0.196898 0 -0.000165977 
-0.0789718 -0.0269918 -0.0270063 -0.695007 
-0.0269973 -0.152473 -0.0269643 -0.0911919 
-0.000707669 -0.0206063 -0.000645531 -0.683073 
-0.0921574 -0.155944 -0.12612 -0.0738896 
-0.202513 -0.404945 -0.0312863 -0.0313405 
0 0 0 0 
-0.833047 -0.00833359 -0.102923 -0.0246694 
-0.237241 -0.0313231 -0.447759 -0.192988 
-0.120469 -0.0436928 -0.121431 -0.0314435 
-0.0312618 -0.0311657 -0.0312421 -0.0312363 
-0.0311692 -0.0312111 -0.0314677 -0.834415 
-0.110081 -0.0321385 -0.0322361 -0.119408 
-0.0505787 -0.0337596 -0.033512 -0.0531903 
-0.0338606 -0.0339031 -0.0332095 -0.0659759 
-0.033838 -0.0340723 -0.0471166 -0.0340334 
-0.0342039 -0.123548 -0.0789702 -0.0342313 
-0.0344375 -0.0344581 -0.70264 -0.172598 
-0.0346349 -0.034652 -0.0393027 -0.0461499 
-0.034827 -0.0348414 -0.0348441 -0.0347733 
-0.0350331 -0.0350376 -0.0571975 -0.0171953 
-0.0349322 -0.0348849 -0.0349508 -0.0349231 
-0.0347505 -0.0346855 -0.0347308 -0.0346831 
-0.0346782 -0.0619761 -0.0409656 -0.034489 
-0.0331786 -0.074283 -0.10396 -0.0775385 
-0.00567977 -0.000386283 -0.710209 -0.191709 
-0.000356552 -0.000321129 -0.000514934 -0.818107 
-0.07266 -0.0320357 -0.0319635 -0.317887 
-0.0321494 -0.0321481 -0.0321527 -0.0667499 
-0.0320009 -0.0319839 -0.0319918 -0.0320242 
-0.0318529 -0.0317248 -0.0318088 -0.0318432 
-0.0316535 -0.031634 -0.0314534 -0.0316816 
-0.0315298 -0.031475 -0.0313566 -0.0315302 
-0.031401 -0.0313432 -0.0313397 -0.0313712 
-0.0313218 -0.0313943 -0.0313159 -0.0313683 
-0.0314615 -0.43446 -0.0402917 -0.0502584 
0 0 0 0 
-0.850243 -0.123205 -0.00027125 -8.34514e-05 
0 -0.629096 0 -0.603966 
0 0 0 0 
-0.600701 -0.0294426 -0.0294443 -0.0294763 
-0.0295082 -0.0295218 -0.0295415 -0.01915 
-0.0295108 -0.0295341 -0.0295682 -0.029401 
-0.0295463 -0.113873 -0.119633 -0.0294849 
-0.00310162 0 -0.719478 -0.000202545 
-0.17093 -0.0196347 -0.160964 -0.0195729 
-0.0196335 -0.0196335 -0.0196741 -0.0196389 
-0.0197012 -0.0517018 -0.337932 -0.0196961 
-0.000110993 -0.000134203 -0.123494 0 
-0.032632 -0.0776812 -0.0204508 -0.020347 
-0.020041 -0.552772 -0.0287038 -0.0199833 
0 0 0 0 
0 -0.681572 -0.000224053 -0.000140606 
0 0 0 0 
0 -0.337893 -0.000122023 -8.70479e-05 
-0.202513 -0.031322 -0.0313479 -0.0313786 
-0.0313249 -0.0376104 -0.610167 -0.0313 
-0.0311699 -0.0311166 -0.0334145 -0.0311044 
-0.0735445 -0.0621791 -0.0312145 -0.710442 
-0.0420912 -0.0314091 -0.0623856 -0.0393522 
-0.0313487 -0.69507 -0.0312794 -0.0313002 
0 0 0 0 
-0.916122 -0.00108422 0 -0.000744484 
-0.0780112 -0.0336821 -0.0337196 -0.0728829 
-0.0337557 -0.111412 -0.0337477 -0.0337506 
-0.0339205 -0.0339444 -0.0394234 -0.685155 
-0.0340702 -0.0340879 -0.0341453 -0.201878 
-0.0344916 -0.0341856 -0.0341453 -0.839876 
-0.0485174 -0.0344588 -0.0344011 -0.0974494 
-0.0633532 -0.0346409 -0.0347093 -0.0168267 
-0.0168895 -0.0348771 -0.0348814 -0.034828 
-0.034914 -0.0370087 -0.0349128 -0.0587587 
-0.0345736 -0.0344724 -0.034484 -0.0344701 
-0.0343262 -0.03433 -0.0343684 -0.0342752 
-0.0343308 -0.189568 -0.0590022 -0.0747706 
-0.00293174 -0.948306 -0.000428131 -0.00711336 
0 0 0 0 
-0.938048 -0.000266688 -0.000205675 -0.000783102 
-0.422931 -0.0323428 -0.0323448 -0.032448 
-0.0322228 -0.0321567 -0.0321754 -0.0322043 
-0.0320645 -0.031997 -0.0319174 -0.0320179 
-0.0318761 -0.0318264 -0.0315333 -0.0318359 
-0.0316781 -0.0316779 -0.0316559 -0.0316789 
-0.0315568 -0.0382141 -0.0315291 -0.0508242 
-0.031459 -0.0314726 -0.0314223 -0.106828 
-0.0315349 -0.111349 -0.0315229 -0.0315095 
-0.00260763 -0.00246608 -0.874177 -0.0533804 
-0.00246962 -0.366225 -0.141886 -0.00359287 
0 0 0 0 
-0.615275 -0.00572673 -0.600701 -0.00208099 
-0.0948416 -0.0204173 -0.0294721 -0.0298602 
-0.0294306 -0.0294295 -0.0294318 -0.0223885 
-0.0269907 -0.0294402 -0.0294419 -0.029443 
-0.0294208 -0.0551175 -0.0294934 -0.029441 
-0.0204392 -0.0196011 -0.128825 -0.0369319 
-0.019587 -0.019596 -0.0195584 -0.331207 
-0.0195689 -0.0196198 -0.0196097 -0.0195725 
-0.0197221 -0.0197283 -0.0197588 -0.0197207 
-0.0199227 -0.0200255 -0.0359039 -0.0199306 
-0.0201324 -0.0201328 -0.0201709 -0.0201294 
-0.020042 -0.0199591 -0.0199628 -0.0199642 
-0.0198556 -0.0198324 -0.563949 -0.32137 
-0.103911 -0.0197092 -0.151928 -0.0197333 
-0.0196809 -0.0448834 -0.318156 -0.0196421 
-0.000183057 -0.265433 -0.0447846 -0.000138014 
-0.190662 -0.0314046 -0.0313691 -0.0347449 
-0.0313633 -0.0313245 -0.128305 -0.0313611 
-0.0312553 -0.381248 -0.0312081 -0.0312646 
0 0 0 0 
-0.795787 -0.0311532 -0.0311686 -0.0311209 
-0.205554 -0.0312331 -0.0312507 -0.0312232 
-0.0311672 -0.0315757 -0.831667 -0.0311472 
-0.180612 -0.0331488 -0.214176 -0.0337155 
-0.0981081 -0.126382 -0.0835795 -0.033563 
-0.0336204 -0.700045 -0.0335963 -0.0335814 
0 0 0 0 
-0.705076 -0.664779 -0.0331221 -0.0330393 
0 0 0 0 
-0.848693 -0.0342575 -0.0664272 -0.0863587 
-0.0348032 -0.0345467 -0.0345507 -0.0169385 
-0.0345989 -0.0552705 -0.0347059 -0.0545481 
-0.0424167 -0.0534791 -0.0258961 -0.070499 
-0.0374481 -0.0342586 -0.0342751 -0.0342628 
-0.0340836 -0.034067 -0.034088 -0.0340622 
-0.034099 -0.0515226 -0.120001 -0.0364854 
-0.0208694 -0.233968 -0.142613 -0.0120538 
-0.000414562 -0.000456516 -0.969011 -0.000641719 
-0.355941 -0.0327623 -0.182569 -0.0328756 
-0.0326636 -0.0325505 -0.0325084 -0.0326422 
-0.0323817 -0.0323685 -0.0323655 -0.0324758 
-0.032206 -0.0321168 -0.0321758 -0.0322481 
-0.0320816 -0.0319942 -0.0316673 -0.0320308 
-0.0318791 -0.0741372 -0.031861 -0.03192 
-0.00859237 -0.120882 -0.00888867 -0.20037 
-0.00264373 -0.000655717 -0.00156218 -0.875749 
-0.279075 -0.0378174 -0.0316593 -0.0316571 
-0.00114112 0 -0.163541 -0.000188674 
-0.0816224 -0.292928 -0.067441 -0.0319712 
-0.0319386 -0.0394767 -0.759055 -0.0318988 
-0.0318494 -0.0670127 -0.087953 -0.031823 
-0.02701 -0.0251833 -0.0498486 -0.0604827 
-0.0252145 -0.0293369 -0.0293624 -0.299538 
-0.0293596 -0.0293938 -0.0294313 -0.184404 
-0.0294283 -0.0806388 -0.0294099 -0.331207 
-0.00012869 -0.5937 -0.000175576 -0.0793841 
0 0 0 0 
-0.355348 -0.0194336 -0.0194877 -0.0194008 
-0.0195601 -0.0196103 -0.0196173 -0.0195575 
-0.0197379 -0.019761 -0.0198149 -0.0197382 
-0.0199211 -0.0199313 -0.019981 -0.0199156 
-0.0198357 -0.337932 -0.019856 -0.0198231 
0 0 0 0 
-0.314975 -0.0196097 -0.0196085 -0.0196368 
-0.0195959 -0.0448738 -0.0196041 -0.0195923 
-0.000264885 -0.265433 0 -0.000109966 
-0.190662 -0.031261 -0.0313299 -0.0808313 
-0.0312998 -0.0313379 -0.0313459 -0.0312869 
-0.0313223 -0.0313061 -0.0312636 -0.0313411 
-0.0312082 -0.0312371 -0.639222 -0.0313009 
-0.03121 -0.0312391 -0.031209 -0.0312299 
-0.0311976 -0.0312246 -0.0312122 -0.0311514 
-0.0312102 -0.0313369 -0.280188 -0.697568 
-0.0719633 -0.0319597 -0.0319192 -0.0314967 
-0.0383867 -0.0334472 -0.0334643 -0.0334264 
-0.0334584 -0.182166 -0.0334687 -0.0334306 
-0.0330168 -0.0508066 -0.760715 -0.0331109 
-0.0330424 -0.0330517 -0.0330325 -0.0330998 
-0.0329833 -0.0330792 -0.895731 -0.0330483 
-0.18907 -0.03395 -0.0340144 -0.0339636 
-0.106188 -0.0424911 -0.0342365 -0.0171655 
-0.0604303 -0.137995 -0.030156 -0.0762613 
-0.015578 -0.010202 -0.0166987 -0.948831 
-0.14061 -0.0340554 -0.0340611 -0.110294 
-0.033928 -0.0338333 -0.0338907 -0.0338472 
-0.0337334 -0.0335929 -0.0337436 -0.0336468 
-0.0334241 -0.0333424 -0.0439161 -0.0334111 
-0.0332749 -0.0330927 -0.55333 -0.0332266 
-0.0330766 -0.032863 -0.0329686 -0.0330159 
-0.0327851 -0.0327546 -0.0326693 -0.0327959 
-0.0326558 -0.0325537 -0.03256 -0.0325651 
-0.032379 -0.0322991 -0.032357 -0.0324306 
-0.0321741 -0.0321812 -0.0319635 -0.0321957 
-0.0320847 -0.103699 -0.0320232 -0.0320878 
-0.00735503 -0.834797 -0.00768549 -0.00730513 
0 0 0 0 
-0.392918 -0.0318521 -0.0318096 -0.0317909 
-0.0318944 -0.0319547 -0.132051 -0.0319341 
-0.0319373 -0.0319608 -0.0326904 -0.0319864 
-0.031923 -0.031906 -0.0319359 -0.0319189 
-0.0318855 -0.249747 -0.0318346 -0.0319001 
-0.000256356 -0.842489 -0.000286999 -0.0273194 
0 0 0 0 
-0.596035 -0.73383 0 -0.0387342 
0 0 0 0 
-0.826493 -7.03448e-05 -6.96413e-05 0 
-0.230047 -0.0191191 -0.351794 -0.0190504 
-0.0192244 -0.0192509 -0.019227 -0.0192309 
-0.0193891 -0.0194273 -0.0194346 -0.0193852 
-0.0195527 -0.0196247 -0.0196298 -0.0195446 
-0.0197154 -0.0197081 -0.0197953 -0.0197113 
-0.0197074 -0.0196552 -0.0197366 -0.0196394 
-0.0195717 -0.0195712 -0.337932 -0.0195228 
-0.0195374 -0.0195499 -0.0195266 -0.0195311 
-0.0194927 -0.0471119 -0.0195415 -0.0195192 
-6.75729e-05 -0.270929 -0.000117481 -0.0457569 
-0.3944 -0.0311953 -0.0312059 -0.0312635 
-0.0312862 -0.0313361 -0.0313047 -0.0313414 
-0.031343 -0.0313659 -0.031376 -0.0313554 
-0.0313866 -0.0314104 -0.137063 -0.0314217 
-0.0313766 -0.228512 -0.0313386 -0.0313513 
-0.031092 -0.79304 -0.0310837 -0.0311395 
0 0 0 0 
-0.767864 -0.0314495 -0.0314655 -0.0318598 
-0.103078 -0.0333034 -0.0333352 -0.0332737 
-0.0332974 -0.0332882 -0.0333082 -0.0332891 
-0.0332199 -0.0332194 -0.104511 -0.0331939 
-0.0542923 -0.0332075 -0.0331627 -0.033239 
-0.0331812 -0.0333806 -0.069009 -0.0332597 
-0.0684109 -0.0340444 -0.0340152 -0.13617 
-0.0340258 -0.0358637 -0.0340613 -0.0174628 
-0.0820906 -0.447759 -0.0333049 -0.700045 
0 0 0 0 
-0.834415 -0.00144714 -0.00448622 -0.0939814 
-0.112324 -0.0336761 -0.0337444 -0.0336665 
-0.0335729 -0.0335045 -0.0334981 -0.0577206 
-0.0333436 -0.0333193 -0.0333508 -0.0333138 
-0.0331692 -0.0331419 -0.0332009 -0.0331526 
-0.03305 -0.0329676 -0.0329684 -0.0329817 
-0.0328691 -0.0327975 -0.0327993 -0.0328198 
-0.0326769 -0.0326361 -0.032652 -0.0326908 
-0.0325622 -0.0324716 -0.0324851 -0.032511 
-0.0323455 -0.0323345 -0.0323127 -0.0323662 
-0.0322544 -0.0322471 -0.0450592 -0.0322852 
-0.0321721 -0.0321435 -0.218638 -0.0321564 
-0.0320616 -0.0320373 -0.43446 -0.0320891 
-0.0319401 -0.0319555 -0.0319323 -0.0319188 
-0.0319504 -0.0319176 -0.0319664 -0.031942 
-0.0319469 -0.0319199 -0.0319181 -0.031965 
-0.0319292 -0.0318871 -0.0319327 -0.41734 
-0.0319212 -0.0408215 -0.03187 -0.122111 
-0.0202983 -0.0183528 -0.0555441 -0.0183908 
-0.0184022 -0.0183789 -0.351794 -0.0183946 
-0.0184372 -0.0184648 -0.199293 -0.0184562 
-0.0185596 -0.0185635 -0.351794 -0.0185798 
-0.0187054 -0.0187721 -0.186551 -0.0187074 
-0.0188745 -0.018932 -0.0189194 -0.0188909 
-0.019046 -0.019055 -0.0191412 -0.0190579 
-0.0192041 -0.0192831 -0.0192796 -0.0192075 
-0.0193626 -0.0193964 -0.019424 -0.0193714 
-0.0195221 -0.0195445 -0.0195202 -0.0195116 
-0.0195326 -0.0194988 -0.0195726 -0.0194733 
-0.0194778 -0.0194313 -0.0194598 -0.0194423 
-0.019466 -0.0194219 -0.0194465 -0.0194181 
-0.0194364 -0.082473 -0.0194381 -0.0194086 
0 -0.337264 -0.000274869 -0.0351536 
-0.190662 -0.0314967 -0.0339959 -0.0314774 
-0.0314527 -0.0314114 -0.0314219 -0.0314638 
-0.0314432 -0.0313924 -0.0314168 -0.0314589 
-0.0314433 -0.0314439 -0.0314087 -0.0314348 
-0.0313922 -0.031401 -0.0314227 -0.0313954 
-0.0314022 -0.0315004 -0.105258 -0.0313434 
-0.0554391 -0.0325229 -0.620433 -0.108572 
-0.130536 -0.0331154 -0.194672 -0.0331236 
-0.0331607 -0.0331179 -0.0331258 -0.0331241 
-0.0331707 -0.0331489 -0.0331887 -0.033153 
-0.0332017 -0.0331876 -0.0331571 -0.0331558 
-0.0332791 -0.0332598 -0.033266 -0.0332619 
-0.0334037 -0.0499745 -0.0627786 -0.0334109 
-0.0335849 -0.261378 -0.0337433 -0.0181623 
-0.0178008 -0.909395 -0.03384 -0.0553307 
0 0 0 0 
-0.888076 -0.0284669 -0.616371 0 
-0.387461 -0.0456054 -0.0494961 -0.00639432 
-0.0337134 -0.231926 -0.0336828 -0.0697914 
-0.0755836 -0.0107914 -0.0141762 -0.881268 
-0.0958844 -0.033173 -0.0332061 -0.182629 
-0.0507703 -0.0330489 -0.033046 -0.0683185 
-0.0328765 -0.0328759 -0.0329206 -0.0328826 
-0.0327742 -0.0327581 -0.0327909 -0.032739 
-0.0326441 -0.0326492 -0.0326807 -0.0326918 
-0.0326052 -0.0325198 -0.0325405 -0.0325318 
-0.0324423 -0.0323735 -0.0324142 -0.0323756 
-0.0322972 -0.0322472 -0.0322726 -0.0322226 
-0.0321422 -0.032144 -0.0321603 -0.0321712 
-0.0320851 -0.0320864 -0.0320857 -0.0321055 
-0.0320563 -0.0320218 -0.031982 -0.0319927 
-0.0320297 -0.032016 -0.0319705 -0.0319672 
-0.0320064 -0.392918 -0.0319436 -0.0319704 
0 0 0 0 
-0.600701 -0.0182379 -0.0207332 -0.0182648 
-0.0183432 -0.0183392 -0.0183553 -0.191444 
-0.018376 -0.0183843 -0.0183901 -0.0399195 
-0.0184001 -0.0183827 -0.0183942 -0.0183726 
-0.0184849 -0.0184673 -0.0185157 -0.0184791 
-0.0186009 -0.0186344 -0.0186594 -0.0185872 
-0.0187428 -0.0188026 -0.0187926 -0.0187317 
-0.0188921 -0.0189222 -0.0189486 -0.018899 
-0.0190424 -0.0191258 -0.0190466 -0.0190545 
-0.019204 -0.0192491 -0.0192639 -0.0191936 
-0.0193168 -0.0193126 -0.0194186 -0.019316 
-0.0193151 -0.0193338 -0.0193902 -0.0193342 
-0.0193797 -0.0193591 -0.0193308 -0.0193293 
-0.0193869 -0.0193319 -0.0193536 -0.0193339 
-0.0193537 -0.155759 -0.0193263 -0.0192891 
-0.000188091 -0.395676 0 -8.81203e-05 
-0.202513 -0.0315102 -0.0314809 -0.0876239 
-0.0315009 -0.0315041 -0.0314982 -0.0314775 
-0.0315184 -0.0315205 -0.0314978 -0.0315072 
-0.0315124 -0.0314771 -0.0315116 -0.0315367 
-0.031499 -0.129394 -0.0314548 -0.0315109 
-0.0312769 -0.0312583 -0.0313136 -0.613203 
-0.0312716 -0.0312891 -0.0312929 -0.138983 
-0.071929 -0.0330733 -0.0330654 -0.0744351 
-0.0330016 -0.0330325 -0.0329765 -0.0329783 
-0.0330201 -0.0330716 -0.0330192 -0.0330138 
-0.0330632 -0.0330276 -0.033072 -0.0325648 
-0.0331157 -0.0331761 -0.033209 -0.0331194 
-0.0332522 -0.0332689 -0.0333178 -0.0329171 
-0.0333804 -0.0333783 -0.0333788 -0.0185391 
-0.0333552 -0.383018 -0.0334067 -0.0332912 
-0.000324732 0 -0.952094 -0.00030485 
-0.166513 -0.0317873 -0.13389 -0.0317161 
-0.0317935 -0.0318423 -0.0480444 -0.031833 
-0.031813 -0.707629 -0.032309 -0.0318791 
0 0 0 0 
-0.905654 -0.00212033 -0.000588499 -0.000291981 
-0.128394 -0.0323818 -0.0325023 -0.0324434 
-0.0584632 -0.0327166 -0.0327434 -0.0327227 
-0.0326542 -0.0326669 -0.0327174 -0.0326497 
-0.0326485 -0.0326531 -0.0326564 -0.0326684 
-0.0326133 -0.0488627 -0.0326136 -0.0326371 
-0.0324322 -0.085848 -0.0324038 -0.0545064 
-0.0322426 -0.0321396 -0.0321883 -0.656705 
-0.0321586 -0.0321396 -0.0321335 -0.0321793 
-0.0321201 -0.0320816 -0.032088 -0.0320405 
-0.0320534 -0.0320393 -0.032017 -0.0320376 
-0.0320226 -0.031994 -0.0320234 -0.0319707 
-0.0319898 -0.136337 -0.0319945 -0.0319366 
-0.000109283 -7.85678e-05 -0.755451 0 
-0.194502 -0.018167 -0.0181955 -0.613052 
-0.128258 -0.0181278 -0.0181597 -0.741122 
-0.0810369 -0.0181638 -0.0181182 -0.0181372 
-0.0182349 -0.0182853 -0.0182829 -0.0182261 
-0.0183572 -0.0183602 -0.0184029 -0.0183391 
-0.0184686 -0.0185558 -0.01853 -0.0184816 
-0.0186142 -0.0186309 -0.0186129 -0.0186239 
-0.0187528 -0.0187844 -0.0187705 -0.0187571 
-0.0188874 -0.0189454 -0.0189301 -0.0188997 
-0.0190295 -0.0190601 -0.0190882 -0.0190219 
-0.0191427 -0.0191397 -0.0191382 -0.0191326 
-0.0192077 -0.0192181 -0.0192117 -0.0191976 
-0.0192733 -0.019282 -0.019234 -0.0192922 
-0.0192914 -0.0192372 -0.0192882 -0.0192401 
-0.0192271 -0.0495103 -0.0227729 -0.0192119 
0 -0.276575 -6.75729e-05 0 
-0.367179 -0.00374186 -0.00368051 -0.00359959 
-0.0432367 -0.0315273 -0.031523 -0.381248 
-0.031576 -0.0315848 -0.0315795 -0.0315837 
-0.03161 -0.03158 -0.031593 -0.0316513 
-0.0315186 -0.645942 -0.0315441 -0.0315634 
0 0 0 0 
-0.944713 0 -0.000535756 -0.000900234 
-0.24936 -0.0325516 -0.0324899 -0.0324207 
-0.143179 -0.0328184 -0.0328288 -0.0328186 
-0.0328432 -0.0328441 -0.0329077 -0.03285 
-0.0328898 -0.0328554 -0.032904 -0.0296456 
-0.0329498 -0.033018 -0.0330176 -0.0327756 
-0.0330695 -0.0331243 -0.033093 -0.0193292 
-0.0189281 -0.0332029 -0.0332536 -0.0331766 
-0.0332665 -0.0993102 -0.03328 -0.0512862 
-0.0319887 -0.031977 -0.493497 -0.212278 
-0.0319712 -0.0319564 -0.060726 -0.0881622 
-0.0319079 -0.0318949 -0.0318542 -0.0319128 
-0.0318795 -0.178774 -0.031879 -0.0319325 
-0.00400045 -0.00557113 -0.886223 -0.00430909 
-0.25923 -0.0324218 -0.325917 -0.0324158 
-0.0324809 -0.0324724 -0.0324594 -0.0324568 
-0.0325843 -0.032586 -0.0325815 -0.0325713 
-0.0326233 -0.0326191 -0.0325773 -0.0325756 
-0.0326143 -0.032656 -0.0326539 -0.0325955 
-0.0326546 -0.0326621 -0.0326359 -0.0326672 
-0.0326701 -0.447759 -0.0508015 -0.16163 
0 0 0 0 
-0.687724 -0.0461867 -0.0321748 -0.032195 
-0.0451999 -0.032026 -0.0320325 -0.0320692 
-0.0320109 -0.0320096 -0.0320397 -0.0320107 
-0.0319912 -0.0319656 -0.0320068 -0.0319797 
-0.0319705 -0.43446 -0.0319516 -0.0319236 
0 0 0 0 
0 0 0 0 
0 0 0 0 
-0.369924 -0.0180133 -0.0180625 -0.0179987 
-0.0180969 -0.0181194 -0.0180701 -0.0180722 
-0.0181955 -0.0181944 -0.0182532 -0.0182028 
-0.0183656 -0.0183557 -0.0184417 -0.0722106 
-0.0184784 -0.0185501 -0.0185292 -0.0184744 
-0.0186101 -0.0186563 -0.0186787 -0.0186114 
-0.0187517 -0.0187455 -0.0187385 -0.0187411 
-0.0188603 -0.0188514 -0.0189076 -0.0188559 
-0.0189506 -0.0189897 -0.018961 -0.0189633 
-0.0190667 -0.0191337 -0.0191116 -0.541073 
-0.103089 -0.0192688 -0.0192672 -0.362563 
-0.0191601 -0.0347089 -0.0192026 -0.0191847 
-0.0190591 -0.0608919 -0.0191416 -0.0191019 
-6.75729e-05 -0.399244 0 -0.00013194 
-0.190662 -0.404945 -0.00354509 -0.00354472 
0 0 0 0 
-0.404945 -0.0316906 -0.0316772 -0.0317012 
-0.0317597 -0.0317797 -0.0317332 -0.0317729 
-0.0318644 -0.241918 -0.0469893 -0.0318838 
-0.0344192 0 -0.8762 -8.09728e-05 
-0.158444 -0.0324411 -0.343103 -0.0323579 
-0.0324903 -0.0325744 -0.0324828 -0.0324894 
-0.0326375 -0.0326072 -0.0327088 -0.032638 
-0.0326971 -0.0312239 -0.0327551 -0.0326777 
-0.0326893 -0.0326884 -0.0327021 -0.0241484 
-0.0313893 -0.032799 -0.0328348 -0.0327685 
-0.032863 -0.0329149 -0.0328738 -0.0197438 
-0.0328017 -0.0330185 -0.0330515 -0.0329859 
-0.0329743 -0.0973264 -0.0330686 -0.0329363 
-0.00694617 -0.0127686 -0.0070483 -0.837583 
-0.203136 -0.0318547 -0.0317926 -0.185587 
-0.0318631 -0.0318603 -0.0318957 -0.031896 
-0.0319279 -0.0319229 -0.0319206 -0.0319136 
-0.0318677 -0.0320003 -0.139865 -0.0318358 
-0.0859934 -0.0323764 -0.032346 -0.0323343 
-0.0323891 -0.0323583 -0.0323853 -0.0323606 
-0.0324661 -0.0325081 -0.0324605 -0.0390759 
-0.0325379 -0.0325704 -0.0325552 -0.0323748 
-0.0325906 -0.0326335 -0.0325716 -0.0325816 
-0.0326651 -0.170081 -0.0326482 -0.1318 
-0.000803232 -0.000302965 0 -0.877768 
-0.268522 -0.0322008 -0.392918 -0.0322113 
-0.0321515 -0.0321743 -0.0321834 -0.0321916 
-0.0321085 -0.0320731 -0.0320736 -0.0320663 
-0.0320522 -0.0320565 -0.0320157 -0.0320384 
-0.0320209 -0.0319896 -0.0319891 -0.0320171 
-0.0319807 -0.0319488 -0.0319474 -0.0319797 
-0.0319456 -0.117447 -0.388988 -0.0318825 
-0.0237196 -0.128415 -0.589209 -0.0219973 
-0.0185809 -0.0177668 -0.754637 -0.0178122 
-0.0178623 -0.0178216 -0.0178977 -0.0178313 
-0.0179246 -0.0179209 -0.0179148 -0.0179141 
-0.0180317 -0.018052 -0.0180269 -0.0180361 
-0.0181611 -0.0181428 -0.0182532 -0.159909 
-0.0183102 -0.0184056 -0.0183979 -0.018322 
-0.0184634 -0.0184874 -0.0184838 -0.0184616 
-0.0185851 -0.0186292 -0.0186271 -0.0185863 
-0.0187058 -0.018706 -0.0187401 -0.0187165 
-0.0188155 -0.355348 -0.0187973 -0.0187825 
0 0 0 0 
0 0 0 0 
-0.570868 -0.0190769 -0.0190581 -0.0190744 
-0.0191153 -0.0762644 -0.0243226 -0.0190767 
-0.000205284 -0.341605 -0.100065 -0.0131214 
-0.306301 -0.00351037 -0.00347849 -0.00392552 
-0.00345874 -0.00389959 -0.763173 -0.00373713 
-0.0938887 -0.031744 -0.0317201 -0.031674 
-0.0405293 -0.0318866 -0.0318704 -0.0318467 
-0.0319703 -0.0320499 -0.0319632 -0.0319616 
-0.0321095 -0.0321874 -0.282804 -0.0321121 
-0.0322449 -0.0322682 -0.0322497 -0.0322725 
-0.032382 -0.032455 -0.0324341 -0.0323701 
-0.032496 -0.0324918 -0.0325328 -0.0325079 
-0.032544 -0.0325389 -0.032615 -0.0325276 
-0.0325285 -0.0325556 -0.0325203 -0.0191673 
-0.0326129 -0.0326401 -0.0326136 -0.0324903 
-0.0326985 -0.0327453 -0.032718 -0.0201734 
-0.032811 -0.0328833 -0.032841 -0.0328165 
-0.0329007 -0.404945 -0.032943 -0.0386666 
0 0 0 0 
-0.86251 -0.0071128 -0.00778385 -0.0318145 
-0.161771 -0.0317956 -0.0318441 -0.0318462 
-0.078221 -0.0320734 -0.0320256 -0.139129 
-0.0321367 -0.0321141 -0.0578725 -0.447759 
-0.032212 -0.0322336 -0.0322043 -0.0321966 
-0.0322233 -0.0322176 -0.0322657 -0.0322281 
-0.0321984 -0.0439333 -0.0321256 -0.0321493 
-0.0320643 -0.0321783 -0.0321694 -0.163764 
-0.0775875 -0.0325091 -0.0325703 -0.0325607 
-0.032446 -0.618072 -0.0325239 -0.0324665 
0 0 0 0 
-0.438848 -0.0322832 -0.0322682 -0.0323022 
-0.032263 -0.11612 -0.0322342 -0.0322344 
-0.0320511 -0.0320552 -0.0320067 -0.264233 
-0.0320366 -0.0319949 -0.0320552 -0.392918 
-0.031966 -0.0319931 -0.0319989 -0.0319893 
-0.0319487 -0.0319363 -0.0319879 -0.0319763 
-0.031907 -0.0865779 -0.0318496 -0.0319041 
-0.0226689 -0.0655711 -0.0219817 -0.615045 
-0.0179056 -0.0177589 -0.106026 -0.379135 
-0.0176942 -0.017684 -0.0177409 -0.0176606 
-0.0177434 -0.0177899 -0.0177648 -0.0177534 
-0.0178447 -0.318829 -0.0179422 -0.0178567 
0 -0.0407836 -0.000434137 -0.882665 
-0.148224 -0.0182198 -0.018258 -0.0181653 
-0.0183083 -0.0183675 -0.0183657 -0.0182936 
-0.0184655 -0.0184879 -0.0184775 -0.351794 
-0.0185761 -0.0186126 -0.0185772 -0.0185507 
-0.0186431 -0.128539 -0.0186589 -0.0186389 
-0.00104723 -0.00108067 -0.71732 -0.00119107 
-0.00107095 -0.00127112 -0.689452 -0.00114078 
-0.153795 -0.0189678 -0.0746448 -0.0189521 
-0.0190127 -0.018996 -0.0190536 -0.32137 
-0.0190093 -0.160717 -0.0237666 -0.0189987 
-0.190662 -0.0317146 -0.0655201 -0.0696023 
-0.031666 -0.0316737 -0.148793 -0.0316505 
-0.0657977 -0.0317401 -0.0317594 -0.0317308 
-0.0317987 -0.0318657 -0.0318507 -0.0318405 
-0.0319408 -0.0319426 -0.0319804 -0.0319231 
-0.0320636 -0.0320868 -0.0320989 -0.0320599 
-0.0321919 -0.0322573 -0.0321858 -0.032184 
-0.0322921 -0.0323092 -0.0323523 -0.0323233 
-0.0323889 -0.0324058 -0.0323984 -0.0323728 
-0.0323881 -0.0302938 -0.032463 -0.0323926 
-0.0323316 -0.0323725 -0.0323935 -0.0147429 
-0.0314326 -0.0324486 -0.0325115 -0.0324243 
-0.0325331 -0.0325454 -0.0325479 -0.0206179 
-0.0321508 -0.032673 -0.0327151 -0.0326436 
-0.0326522 -0.344576 -0.0326596 -0.088335 
-0.000632064 0 -0.877225 0 
-0.181806 -0.000935348 -0.0515166 0 
-0.0376491 -0.221251 -0.0317997 -0.0318149 
-0.000177778 -0.86251 -0.00185713 0 
0 0 0 0 
-0.388988 -0.0321598 -0.032206 -0.0513242 
-0.0321503 -0.0320906 -0.0321269 -0.0321054 
-0.0321027 -0.0320508 -0.0320448 -0.0320335 
-0.0319236 -0.0320843 -0.0319806 -0.870617 
-0.1845 -0.0325404 -0.0325203 -0.0498576 
-0.0324874 -0.0324664 -0.0324697 -0.0324836 
-0.0323831 -0.0324048 -0.392918 -0.1378 
-0.0323274 -0.0415246 -0.032359 -0.392918 
-0.0321666 -0.233514 -0.0322226 -0.0882278 
0 0 -0.00180222 -0.873958 
0 0 0 0 
-0.369924 -0.0320404 -0.031994 -0.0823798 
-0.0320377 -0.137967 -0.0320288 -0.0566828 
-0.0319566 -0.631454 -0.0433505 -0.0636515 
0 0 0 0 
-0.839696 -7.397e-05 -0.0668997 0 
-0.0819337 -0.0175363 -0.0175461 -0.0174787 
-0.0176097 -0.0176069 -0.0176101 -0.0176011 
-0.0177117 -0.366225 -0.0351674 -0.017678 
0 0 0 0 
-0.596035 -0.0180026 -0.0180529 -0.0179887 
-0.0181201 -0.586835 -0.0181438 -0.0181219 
0 0 0 0 
-0.57989 -0.018444 -0.018448 -0.0183909 
-0.0185128 -0.0185805 -0.0490109 -0.0185297 
-0.0186448 -0.0186799 -0.107152 -0.344793 
-0.0187444 -0.0187682 -0.0982481 -0.107122 
-0.0188421 -0.337932 -0.0327253 -0.344793 
0 0 0 0 
-0.299538 -0.172431 -0.0190008 -0.0426552 
-0.315983 -0.0315495 -0.0316206 -0.0696023 
-0.0316312 -0.0316261 -0.0316484 -0.0327351 
-0.0316887 -0.0317585 -0.0317254 -0.0317075 
-0.0317834 -0.0318225 -0.0317699 -0.0317913 
-0.0318795 -0.0319215 -0.0318768 -0.031859 
-0.0319863 -0.0320395 -0.0320084 -0.0320083 
-0.0321415 -0.0321542 -0.0321817 -0.0321902 
-0.0322526 -0.0322616 -0.032261 -0.381248 
-0.0323175 -0.0323037 -0.0323045 -0.231924 
-0.0323112 -0.0315544 -0.0322947 -0.061402 
-0.0322109 -0.0322125 -0.0321623 -0.0119271 
-0.032246 -0.032293 -0.0322955 -0.0317871 
-0.0323306 -0.0735638 -0.0323444 -0.0210749 
-0.0321763 -0.142 -0.0325623 -0.0423848 
-0.000482209 -0.766137 -0.0009221 -0.133604 
0 0 0 0 
-0.381248 -0.0317481 -0.0938322 -0.0317642 
-0.0317932 -0.0624774 -0.03176 -0.0317774 
-0.00536189 -0.181857 -0.191459 -0.00459835 
0 -0.00060895 -0.916773 -0.00522719 
-0.3905 -0.0319059 -0.0318985 -0.0318829 
-0.0319726 -0.031962 -0.0320101 -0.0319629 
-0.0320043 -0.43446 -0.0320642 -0.0669266 
0 0 0 0 
-0.43446 -0.0324916 -0.0855328 -0.108113 
-0.0324871 -0.185409 -0.0324934 -0.43446 
-0.0203117 -0.747142 -0.0213788 -0.115455 
0 0 0 0 
-0.729027 -0.369924 -0.00536496 -0.00455202 
0 0 0 0 
0 0 0 0 
-0.935395 0 -0.0002594 -7.54719e-05 
-0.445117 -0.0167318 -0.0181926 -0.0166914 
-0.0168118 -0.140789 -0.0179042 -0.0168286 
-0.0169462 -0.0169227 -0.75466 -0.0169201 
-0.0171025 -0.0171975 -0.122042 -0.0171351 
-0.0172995 -0.0173591 -0.0274143 -0.0172955 
-0.0174516 -0.017501 -0.0174495 -0.0174432 
-0.0175464 -0.0175273 -0.0175363 -0.0175405 
-0.0176209 -0.0176717 -0.593846 -0.0176349 
-0.017805 -0.0178086 -0.119633 -0.0177982 
-0.01797 -0.0179901 -0.114945 -0.351794 
-0.0180297 -0.0180674 -0.355348 -0.0180222 
-0.0182153 -0.0182269 -0.111545 -0.351794 
-0.0183758 -0.348276 -0.0184254 -0.101406 
0 0 0 0 
0 -0.570763 0 -6.89449e-05 
0 0 0 0 
0 0 -0.299538 -7.84783e-05 
-0.000103648 -0.260144 -0.000161612 0 
-0.428789 -0.000435001 -0.000251494 0 
-0.0717804 -0.00171328 -0.00244583 -0.0862057 
-0.0376485 -0.0316755 -0.0317193 -0.071711 
-0.0316691 -0.0317175 -0.0317275 -0.0316576 
-0.0318214 -0.062927 -0.0318053 -0.208048 
-0.031908 -0.0319556 -0.0318883 -0.763173 
-0.211906 -0.381248 -0.0322182 -0.220408 
0 0 0 0 
-0.79923 -0.0313962 -0.0315153 -0.0314544 
-0.105419 -0.031835 -0.0317896 -0.0316892 
-0.0319525 -0.03199 -0.0320208 -0.011545 
-0.0320604 -0.0320772 -0.0320831 -0.0220012 
-0.0215387 -0.0491997 -0.0321578 -0.0321298 
-0.0316991 -0.102582 -0.0315323 -0.0315078 
-0.000105152 -0.766137 -0.00029673 0 
0 0 0 0 
-0.605612 -0.0317246 -0.0317138 -0.0317059 
-0.0317472 -0.0317693 -0.0317823 -0.0317225 
-0.0318023 -0.0740197 -0.0622326 -0.031792 
-0.0317524 -0.031761 -0.164164 -0.0317105 
-0.0318142 -0.0318529 -0.0318318 -0.0318219 
-0.0318894 -0.0318559 -0.0318523 -0.0465317 
-0.0318054 -0.14293 -0.0318714 -0.119854 
-0.00201769 -0.0011257 -0.761997 -0.43446 
-0.13505 -0.644388 -0.0152201 -0.0149365 
0 0 0 0 
-0.582872 -0.0163116 -0.016068 -0.0154134 
-0.0154781 -0.0324503 -0.392918 -0.0154361 
-0.0155235 -0.0905567 -0.174624 -0.0155593 
-0.0011093 -0.000561497 -0.763455 -0.000668392 
-0.000613321 -0.000691767 -0.748502 -0.000708962 
-0.124502 -0.0162588 -0.422279 -0.0161943 
-0.0647053 -0.0166233 -0.0166219 -0.0165612 
-0.0167167 -0.0421742 -0.016764 -0.0167085 
-0.0168415 -0.0168746 -0.0653899 -0.016869 
-0.0170194 -0.017068 -0.0170132 -0.0170214 
-0.0171672 -0.0172329 -0.0172077 -0.0171529 
-0.0172887 -0.0173135 -0.0173664 -0.0173071 
-0.0173813 -0.0174459 -0.0174594 -0.0173783 
-0.0174761 -0.0174744 -0.090336 -0.0174866 
-0.0419888 -0.366225 -0.0176412 -0.0176171 
0 0 0 0 
-0.579854 -0.351794 -0.0178748 -0.0178316 
0 0 0 0 
-0.557743 -0.108287 -0.0162327 -0.0160091 
0 0 -0.57301 -0.000185895 
0 -6.89449e-05 0 -0.000125883 
-6.89449e-05 -6.89449e-05 -0.344793 -5.98956e-05 
-0.000110258 -6.89449e-05 0 0 
0 0 -6.89449e-05 0 
0 -9.98392e-05 -0.129926 0 
-0.000124312 -0.000662698 -0.000720006 -0.760244 
-0.0915581 -0.0314352 -0.0313733 -0.0313869 
-0.0314847 -0.0314327 -0.0315491 -0.0314716 
-0.0313777 -0.75879 -0.0313642 -0.0307773 
0 0 0 0 
-0.778609 -0.0601322 -0.0316432 -0.0320229 
-0.0313608 -0.0314077 -0.631839 -0.031335 
-0.031451 -0.0314383 -0.0314692 -0.0237308 
-0.0233184 -0.0316504 -0.031671 -0.0316183 
-0.0228941 -0.0318183 -0.0318112 -0.0317633 
-0.0224547 -0.0319435 -0.0319379 -0.0318911 
-0.0319648 -0.129523 -0.0320087 -0.0319649 
-0.0315751 -0.61248 -0.0315675 -0.0316305 
0 0 0 0 
-0.381248 -0.0316638 -0.629096 -0.0316044 
-0.0316873 -0.0316692 -0.0858678 -0.0317044 
-0.0317258 -0.0317012 -0.0317314 -0.0317092 
-0.0317481 -0.0317447 -0.0317892 -0.0317769 
-0.0317727 -0.0317281 -0.0317347 -0.0317249 
-0.0317756 -0.0671386 -0.0317713 -0.0453673 
-0.0150207 -0.0146267 -0.0154286 -0.112627 
-0.0145827 -0.592117 -0.0152326 -0.0145627 
0 0 0 0 
-0.606513 -0.014974 -0.0149306 -0.0149317 
-0.0150969 -0.0152014 -0.388988 -0.0151306 
-0.015284 -0.0153519 -0.0153318 -0.01531 
-0.0154623 -0.0154789 -0.0154649 -0.0154688 
-0.0156201 -0.0668503 -0.0156303 -0.0156387 
-0.015815 -0.0159052 -0.141433 -0.0158111 
-0.016008 -0.0160849 -0.198075 -0.0160012 
-0.0161975 -0.0162964 -0.0162199 -0.0162081 
-0.0163884 -0.0164839 -0.0164268 -0.0163968 
-0.0165679 -0.0166574 -0.0166353 -0.0165746 
-0.0167395 -0.016764 -0.0271565 -0.0167493 
-0.0169109 -0.0169133 -0.0169808 -0.166299 
-0.0170783 -0.017112 -0.0171384 -0.0368924 
-0.0171946 -0.0171922 -0.0171773 -0.0171946 
-0.0172627 -0.0172275 -0.0172887 -0.0172349 
-0.0173489 -0.017391 -0.0173435 -0.0173229 
-0.0174476 -0.0174456 -0.0174695 -0.0174521 
-0.0174756 -0.0174917 -0.555985 -0.0258192 
-0.101207 -0.117221 -0.111513 -0.0176388 
0 -0.000180407 -0.825717 0 
-0.187445 -0.108204 -0.0159985 -0.0160177 
-0.000172889 -6.89449e-05 0 -0.57301 
0 -0.0001165 -8.42437e-05 -5.98956e-05 
-5.98956e-05 -6.89449e-05 -6.89449e-05 0 
0 0 -6.89449e-05 0 
0 0 0 -6.75729e-05 
-0.306282 0 0 0 
0 0 0 0 
-0.381248 -0.0312941 -0.0313339 -0.0312905 
-0.0313517 -0.0313154 -0.0313353 -0.0313314 
-0.0312893 -0.211901 -0.129816 -0.028413 
-0.000888125 0 -0.763173 -0.000151614 
0 -0.000753496 -0.0621622 0 
-0.0497309 -0.0312945 -0.0312384 -0.0245404 
-0.0241365 -0.0313685 -0.0313461 -0.0313533 
-0.0314751 -0.0315082 -0.0315611 -0.0314902 
-0.0316034 -0.0316704 -0.0316673 -0.0315768 
-0.0317388 -0.0317446 -0.0318009 -0.0317509 
-0.0317948 -0.0317768 -0.0318725 -0.031797 
-0.0316799 -0.0861512 -0.0316595 -0.0316761 
-0.00591191 -0.00446426 -0.830671 -0.00439067 
-0.222101 -0.0316841 -0.137657 -0.0316228 
-0.0316973 -0.0316829 -0.0412828 -0.0316715 
-0.0317275 -0.0317323 -0.0317305 -0.0384376 
-0.0317307 -0.0317428 -0.0317857 -0.198647 
-0.0317098 -0.04259 -0.0317597 -0.0317038 
-0.0224289 -0.0942388 -0.0214574 -0.0893274 
-0.0159454 -0.0144895 -0.0144913 -0.769136 
-0.0145245 -0.0145154 -0.0145266 -0.0145355 
-0.01464 -0.0146825 -0.388988 -0.0146596 
-0.0148218 -0.0148295 -0.125729 -0.0148351 
-0.015013 -0.0150071 -0.0150418 -0.0150099 
-0.0152018 -0.0152229 -0.0152151 -0.0293832 
-0.0153802 -0.0153967 -0.0154538 -0.015436 
-0.0155677 -0.0155657 -0.0155828 -0.0156024 
-0.0157372 -0.015744 -0.0157975 -0.0157296 
-0.0159271 -0.015997 -0.0159968 -0.0159535 
-0.0161103 -0.0161636 -0.016182 -0.0161533 
-0.0162902 -0.0163573 -0.0163063 -0.0163026 
-0.0164462 -0.0164931 -0.0165192 -0.016437 
-0.0166029 -0.115141 -0.0166074 -0.0949312 
-0.0632017 -0.01698 -0.0169084 -0.714287 
-0.0170022 -0.0170377 -0.017066 -0.0816182 
-0.0171057 -0.0170892 -0.0170828 -0.0488613 
-0.0170585 -0.0171294 -0.0171489 -0.0170638 
-0.0171757 -0.0172419 -0.0171999 -0.0171839 
-0.0173026 -0.0173134 -0.0173468 -0.0172844 
-0.0173199 -0.0623553 -0.0173709 -0.0173067 
-0.0174489 -0.18072 -0.0175027 -0.0174466 
-0.0162488 -0.0160812 -0.225921 -0.732155 
-0.0160819 -0.341346 -0.0160725 -0.0160943 
0 0 0 0 
0 0 0 -0.299538 
0 0 0 0 
-0.318156 -0.000111846 0 -8.81203e-05 
-6.36185e-05 0 -6.75729e-05 0 
-0.306282 -0.0866586 -0.0642311 -0.000380704 
-0.0447519 -0.000951479 -0.852617 -0.00067969 
-0.14094 -0.0311514 -0.0311928 -0.0311763 
-0.0489061 -0.0304085 -0.0312635 -0.0311909 
-0.0311581 -0.0449909 -0.0311513 -0.0231025 
-0.0309611 -0.0309781 -0.0874895 -0.030985 
-0.0310222 -0.0310318 -0.0338152 -0.0309857 
-0.0310985 -0.0311227 -0.0311157 -0.0249483 
-0.0265903 -0.0312821 -0.0312261 -0.0312207 
-0.0306744 -0.0313345 -0.031398 -0.0313365 
-0.0314407 -0.0314581 -0.0314434 -0.0307575 
-0.0315255 -0.0316471 -0.0316604 -0.057804 
-0.0316807 -0.0316724 -0.0316815 -0.584159 
-0.115274 -0.0316148 -0.0316149 -0.0316368 
-0.0315122 -0.031508 -0.134462 -0.0314984 
-0.0315291 -0.0315348 -0.0315344 -0.0315422 
-0.0315839 -0.0315866 -0.0316013 -0.0315299 
-0.0315876 -0.0536823 -0.0315874 -0.271166 
-0.045938 -0.0316276 -0.0315983 -0.753255 
-0.0316523 -0.172203 -0.031694 -0.326832 
-0.0281675 -0.73023 -0.0145845 -0.0140693 
0 0 0 0 
-0.377435 -0.014494 -0.0144415 -0.0144434 
-0.0145392 -0.0145911 -0.0146015 -0.0145192 
-0.0146666 -0.176413 -0.0147192 -0.0146775 
-0.0148416 -0.0285629 -0.0148764 -0.731347 
-0.0590401 -0.0154001 -0.0153194 -0.0153758 
-0.015455 -0.0155358 -0.0154618 -0.0154562 
-0.0155974 -0.0155853 -0.0156358 -0.0155863 
-0.015744 -0.0158055 -0.0157431 -0.0157467 
-0.0159042 -0.0159614 -0.0159509 -0.0266534 
-0.0160726 -0.0160733 -0.0160844 -0.0280806 
-0.0161954 -0.0162699 -0.0162732 -0.197358 
-0.0163377 -0.0163306 -0.0163583 -0.366225 
-0.0163381 -0.746978 -0.0438082 -0.0403181 
0 0 0 0 
-0.712292 -0.0163128 -0.0163359 -0.0163278 
-0.09125 -0.0165744 -0.0165727 -0.0165687 
-0.0430845 -0.016909 -0.0168847 -0.0168924 
-0.0170228 -0.0170498 -0.0170763 -0.0170236 
-0.0171141 -0.0171152 -0.0172148 -0.0171325 
-0.0172118 -0.0171864 -0.0172223 -0.0171831 
-0.0172897 -0.366225 -0.0172786 -0.017258 
0 0 0 0 
-0.341346 -0.0161437 -0.0161447 -0.0162253 
-0.0161847 -0.344793 -0.348276 -0.0161738 
0 0 0 0 
0 0 0 0 
-0.53294 0 -0.000164754 -6.36185e-05 
-0.000141832 0 0 -8.18315e-05 
-0.283362 -0.00873928 -0.0643407 -0.104583 
-0.0578233 -0.0309999 -0.259716 -0.0310492 
-0.0310863 -0.0310433 -0.0310872 -0.0310477 
-0.0310722 -0.0310293 -0.0311043 -0.031051 
-0.0310075 -0.030994 -0.0309712 -0.0154749 
-0.0309429 -0.0309285 -0.0309775 -0.0309581 
-0.0309313 -0.030892 -0.0309465 -0.0257813 
-0.0253666 -0.0310276 -0.0310299 -0.0309674 
-0.0297339 -0.0311306 -0.031152 -0.0310836 
-0.0312047 -0.0312282 -0.0311744 -0.030542 
-0.0312672 -0.155094 -0.0312398 -0.02865 
-0.00176752 -0.854463 -0.000458402 0 
0 0 0 0 
-0.617175 -0.0449227 -0.031688 -0.044967 
-0.0445493 -0.0314312 -0.0620332 -0.0313951 
-0.0314426 -0.0314121 -0.0314655 -0.0314087 
-0.031379 -0.0314008 -0.0314761 -0.0313894 
-0.0312854 -0.850983 -0.0313953 -0.0312855 
0 0 0 0 
-0.902156 0 -0.043755 -0.0311007 
-0.0160047 -0.014156 -0.0141586 -0.119012 
-0.014206 -0.0142632 -0.377435 -0.0141897 
-0.0143099 -0.0450727 -0.0143785 -0.0143222 
-0.0143871 -0.0960548 -0.0144541 -0.0143564 
-0.0145093 -0.629096 -0.0146042 -0.0660299 
0 0 0 0 
-0.373661 -0.015393 -0.0154234 -0.123291 
-0.0154589 -0.0154757 -0.015451 -0.0154757 
-0.015543 -0.0155433 -0.0155574 -0.369924 
-0.0156269 -0.0403036 -0.0157085 -0.123209 
-0.0149086 -0.0558071 -0.0146227 -0.014639 
-0.000816371 -0.0815022 -0.00141817 -0.598356 
-0.000154413 -0.835079 -0.00217374 -0.000225926 
0 0 0 0 
-0.596035 -0.0158811 -0.0819133 -0.0157326 
-0.0814287 -0.0162526 -0.355348 -0.0161514 
-0.0163299 -0.0164219 -0.0163535 -0.0163378 
-0.0165152 -0.0165193 -0.0165625 -0.0165186 
-0.0167022 -0.0167303 -0.0167216 -0.0167112 
-0.0168664 -0.0169368 -0.016947 -0.0168522 
-0.0170016 -0.0170079 -0.016985 -0.0169826 
-0.0170423 -0.0170402 -0.0171071 -0.0170395 
-0.0171047 -0.113741 -0.0171325 -0.0170825 
-0.0162454 -0.0162245 -0.729193 -0.0162433 
-0.0162504 -0.0162594 -0.0162638 -0.0163249 
-0.0162669 -0.103911 -0.016209 -0.0162832 
0 -0.0751524 -0.711343 -0.000340988 
-0.0310369 -0.050826 -0.714335 -0.0160821 
-0.12267 -0.0480548 -0.0903152 -0.0160933 
0 -0.273299 -0.000159644 0 
-0.425482 -0.000287871 -0.000118202 0 
-0.0649889 -0.0305166 -0.0309624 -0.0309815 
-0.0309845 -0.026983 -0.0309522 -0.0309404 
-0.0309334 -0.0179181 -0.0309273 -0.030952 
-0.0309189 -0.0168071 -0.0309369 -0.0602346 
-0.030882 -0.0222924 -0.0309086 -0.0308502 
-0.0308073 -0.030832 -0.0308201 -0.0261568 
-0.00673295 -0.0308583 -0.0308833 -0.0308724 
-0.010987 -0.0309823 -0.0309733 -0.0309252 
-0.0177454 -0.0310417 -0.0310269 -0.0310262 
-0.0242614 -0.0310877 -0.0624992 -0.0310684 
-0.0310179 -0.0310043 -0.260498 -0.0309965 
-0.0309326 -0.0309085 -0.747892 -0.0309637 
-0.0576173 -0.0312287 -0.0313288 -0.0311699 
-0.0312807 -0.0312876 -0.0313018 -0.0312921 
-0.0313018 -0.0313182 -0.0313477 -0.0312772 
-0.0313049 -0.031339 -0.0313543 -0.0313086 
-0.0313169 -0.12999 -0.251075 -0.0313409 
-0.00561357 -0.0709146 -0.732573 -0.00561164 
-0.00463835 -0.00468844 -0.453615 -0.128261 
-0.00476416 -0.00481817 -0.00489864 -0.724067 
-0.176282 -0.0142481 -0.0141997 -0.0407558 
-0.0141782 -0.0141747 -0.0141854 -0.0142042 
-0.0142154 -0.0141937 -0.0142932 -0.0141977 
-0.0141652 -0.133399 -0.0140832 -0.014103 
-0.000279024 0 -0.748479 -7.32303e-05 
0 -0.00012072 -0.000251622 -0.748456 
-0.198891 -0.369924 -0.0154837 -0.122167 
0 0 0 0 
-0.898474 0 -0.000394942 -0.0252129 
-0.198794 -0.366225 -0.0146908 -0.0147572 
0 0 0 0 
-0.5891 -0.00640808 -0.172554 -0.00635852 
-0.0684928 -0.0155854 -0.369924 -0.0155632 
-0.0157694 -0.0158431 -0.0157935 -0.264569 
-0.0159763 -0.0159929 -0.0286136 -0.0160013 
-0.0161816 -0.0162087 -0.0162089 -0.0199221 
-0.0163693 -0.01644 -0.0164518 -0.0164308 
-0.0165595 -0.0166489 -0.0166197 -0.0165872 
-0.0167268 -0.0167746 -0.0167644 -0.0167222 
-0.0168486 -0.0168663 -0.0168915 -0.0168417 
-0.0169046 -0.0169199 -0.0168991 -0.0168909 
-0.0169104 -0.0359304 -0.0169828 -0.0169085 
-0.0165639 -0.0164565 -0.26128 -0.0165359 
-0.0163486 -0.0163667 -0.0163554 -0.0164196 
-0.016345 -0.0163266 -0.0162944 -0.0162918 
-0.0162777 -0.0162405 -0.171785 -0.0356214 
-0.0161365 -0.0161721 -0.0161392 -0.016143 
-0.0161277 -0.045284 -0.0160825 -0.0160973 
-0.00409615 -0.336504 -0.000111846 0 
-0.188755 -0.0309914 -0.12925 -0.0309504 
-0.0309734 -0.0309485 -0.0309878 -0.0309436 
-0.0309298 -0.0309251 -0.0309007 -0.0309642 
-0.0308786 -0.0179468 -0.0309152 -0.0308605 
-0.0307506 -0.0307848 -0.0146279 -0.150298 
-0.0857303 -0.0308226 -0.0307283 -0.0451689 
-0.0307472 -0.0307399 -0.0307432 -0.0264957 
-0.0246216 -0.0307586 -0.0308062 -0.0307714 
-0.0308383 -0.0308344 -0.0308733 -0.0308495 
-0.0309413 -0.0309582 -0.0309026 -0.0309087 
-0.0309802 -0.031016 -0.0310427 -0.0309953 
-0.0310463 -0.0310232 -0.0310148 -0.0310255 
-0.0311164 -0.0310799 -0.191394 -0.0310828 
-0.0311533 -0.0311604 -0.0311001 -0.0310992 
-0.0311719 -0.0312164 -0.0312344 -0.0311626 
-0.0311977 -0.0312402 -0.0311765 -0.0311998 
-0.0312209 -0.031202 -0.0312755 -0.0312205 
-0.0312569 -0.031272 -0.0312504 -0.0312707 
-0.0312986 -0.0313061 -0.173224 -0.120891 
-0.0313125 -0.612441 -0.100939 -0.128396 
0 0 0 0 
-0.377435 -0.014033 -0.0140762 -0.0847677 
-0.0141008 -0.0141027 -0.014176 -0.377435 
-0.0141175 -0.111319 -0.0141381 -0.0800246 
-0.0359395 -0.0140692 -0.0141255 -0.574481 
-0.0140763 -0.369924 -0.123258 -0.120983 
0 0 0 0 
-0.600701 -0.0140862 -0.0142449 -0.0140747 
-0.0140875 -0.0814924 -0.598393 -0.014011 
-0.000181458 -0.000564265 -0.25058 0 
-0.0542741 -0.0149074 -0.0148026 -0.0148007 
-0.0149813 -0.0150055 -0.362563 -0.0149926 
-0.0151645 -0.0152279 -0.116117 -0.0151564 
-0.0153595 -0.120807 -0.0154304 -0.0153572 
-9.73624e-05 0 -0.000252068 -0.893128 
-0.370811 -0.0159589 -0.0159134 -0.0159221 
-0.043879 -0.0163695 -0.0162923 -0.0162827 
-0.0164201 -0.0164984 -0.0164166 -0.016411 
-0.0165446 -0.0165456 -0.0165943 -0.0165559 
-0.0166704 -0.0166567 -0.0166465 -0.0166494 
-0.0167389 -0.016752 -0.0167767 -0.0167346 
-0.0167861 -0.0167672 -0.016777 -0.0167686 
-0.0167232 -0.016734 -0.0167222 -0.0167468 
-0.0166023 -0.0165978 -0.0165819 -0.0165883 
-0.0164704 -0.0164534 -0.0164414 -0.0164524 
-0.016352 -0.0162718 -0.0163305 -0.0238481 
-0.0161781 -0.0161326 -0.0161962 -0.0783051 
-0.0160477 -0.0160927 -0.0161247 -0.341346 
-0.0160751 -0.0160706 -0.0160886 -0.0160415 
-0.0160785 -0.275416 -0.0720384 -0.029798 
-0.286074 -0.0309541 -0.0309816 -0.0309986 
-0.031022 -0.0310641 -0.0310468 -0.0310811 
-0.0309934 -0.0309935 -0.0309643 -0.0310294 
-0.0309497 -0.211852 -0.0235769 -0.0309209 
-0.00541979 -0.00112055 -0.00137146 -0.908872 
-0.168014 -0.0195495 -0.0195324 -0.0195804 
-0.0830655 -0.0306829 -0.0306043 -0.0268324 
-0.037658 -0.0307104 -0.0307346 -0.0303148 
-0.030743 -0.0307893 -0.0307844 -0.0307202 
-0.0308407 -0.0308129 -0.0308147 -0.0308314 
-0.0308899 -0.0308946 -0.030946 -0.0308993 
-0.0309604 -0.0310014 -0.0309717 -0.0309484 
-0.0310208 -0.0310068 -0.0310687 -0.130965 
-0.0310256 -0.0310473 -0.0310983 -0.0310332 
-0.0310899 -0.0311134 -0.0310786 -0.0310736 
-0.0311153 -0.0310802 -0.031141 -0.0311044 
-0.0311277 -0.0311481 -0.0311397 -0.0310992 
-0.0311975 -0.0311669 -0.0312145 -0.129556 
-0.0311539 -0.129556 -0.0310892 -0.596476 
0 -0.612441 -0.000143086 -0.614815 
0 0 0 0 
-0.603069 -0.377435 -0.00123211 -0.377435 
0 0 0 0 
-0.366225 -0.574061 -0.00457753 -0.0398141 
0 0 0 0 
0 -7.32303e-05 -0.000393104 -0.598356 
-0.000156426 0 -0.720993 0 
-0.171477 -0.0387223 -0.0141403 -0.0141135 
-0.0142533 -0.0143503 -0.0823577 -0.0142751 
-0.0144479 -0.0144617 -0.110955 -0.0144461 
-0.014631 -0.0146993 -0.0146699 -0.0146404 
-0.0148163 -0.0149162 -0.0148729 -0.0148258 
-0.0149897 -0.0150119 -0.014987 -0.014993 
-0.015173 -0.351794 -0.0152664 -0.0353613 
0 0 0 0 
-0.582372 -0.0159073 -0.0159267 -0.185265 
-0.113129 -0.0163054 -0.0163199 -0.0162724 
-0.0163714 -0.0164057 -0.0164183 -0.0163948 
-0.0164948 -0.0165616 -0.0165057 -0.0165143 
-0.0166037 -0.0166208 -0.0166529 -0.351794 
-0.0166769 -0.0166944 -0.0166829 -0.10938 
-0.0167009 -0.0166898 -0.0167237 -0.0166633 
-0.0166755 -0.0166502 -0.0166493 -0.0166616 
-0.0166282 -0.0165765 -0.0166007 -0.016573 
-0.0165363 -0.0313401 -0.0164892 -0.016546 
0 -0.000117465 -0.00281766 -0.0384224 
-0.000207602 -0.570728 0 -0.351794 
0 0 0 0 
-0.337932 -0.0159926 -0.0159786 -0.0159432 
-0.0160048 -0.276491 -0.0490163 -0.0159821 
-0.188755 -0.0313048 -0.0740518 -0.0313499 
-0.0311925 -0.0310572 -0.0311826 -0.0312522 
-0.0310402 -0.0301911 -0.0310419 -0.031024 
-0.0309869 -0.377435 -0.0279276 -0.128261 
0 0 0 0 
-0.381248 -0.0303946 -0.0763339 -0.03042 
-0.0304455 -0.0304843 -0.0304404 -0.027166 
-0.0237198 -0.0305626 -0.0306284 -0.030563 
-0.0306193 -0.0306668 -0.0306543 -0.0234582 
-0.0288393 -0.0307479 -0.030743 -0.0306983 
-0.0305793 -0.0307761 -0.0308333 -0.0307705 
-0.0308855 -0.0308884 -0.0309056 -0.0710714 
-0.0309264 -0.0309107 -0.0309016 -0.617175 
-0.0309714 -0.0310181 -0.0309806 -0.0444747 
-0.0310025 -0.0309942 -0.0310355 -0.0309897 
-0.031022 -0.0310101 -0.0309801 -0.0309776 
-0.0309903 -0.0309795 -0.0310139 -0.0309695 
-0.0308902 -0.614815 -0.0308879 -0.0308641 
0 0 0 0 
0 0 0 0 
-0.607727 0 0 0 
0 0 0 0 
-0.745515 0 -0.74416 -0.000147948 
-0.275959 -0.000942461 -0.000913519 -0.000944989 
-0.000908709 -0.366225 -0.366225 -0.000968608 
0 0 0 0 
-0.351794 -0.0138418 -0.11489 -0.0138233 
-0.0139601 -0.0140318 -0.0140442 -0.0139631 
-0.0141418 -0.0141587 -0.0141996 -0.0141461 
-0.014309 -0.0143105 -0.0143384 -0.0143028 
-0.0145 -0.0145648 -0.0145046 -0.118404 
-0.0146799 -0.0146915 -0.0147444 -0.355348 
-0.0148223 -0.0148204 -0.0148479 -0.0148105 
-0.0147766 -0.0777963 -0.0148917 -0.235249 
-0.000184219 -7.10553e-05 -0.582158 -0.344793 
0 -0.000221759 -0.000299354 -0.730678 
-0.0779626 -0.0162803 -0.0162182 -0.110594 
-0.0256328 -0.0163322 -0.0163421 -0.016324 
-0.0164311 -0.351794 -0.0164909 -0.0164462 
0 0 0 0 
-0.57528 -0.0165564 -0.016538 -0.0563983 
-0.0165826 -0.0166 -0.0166178 -0.351794 
-0.0166299 -0.0165821 -0.01658 -0.0165852 
-0.016554 -0.0165601 -0.0165919 -0.0980336 
-0.0165201 -0.17865 -0.0165247 -0.0165252 
-0.000887165 -0.816786 0 -0.000173545 
0 0 0 0 
-0.548827 0 0 -8.23274e-05 
-0.0968525 -0.0159993 -0.0702147 -0.153051 
-0.0277775 -0.157519 -0.0159895 -0.0265509 
-0.188755 -0.0314246 -0.0314149 -0.0424922 
-0.0313871 -0.117349 -0.031352 -0.12851 
-0.0309835 -0.0309209 -0.0309799 -0.589971 
-0.0308717 -0.257837 -0.0309141 -0.612441 
-0.000159649 0 -0.849873 0 
-0.128311 -0.0303252 -0.0303725 -0.0303443 
-0.0303548 -0.0303787 -0.0303514 -0.0274953 
-0.0088693 -0.0304246 -0.0305091 -0.0304221 
-0.0169494 -0.0305173 -0.0305386 -0.0304668 
-0.0292362 -0.030604 -0.0306163 -0.0305791 
-0.0306313 -0.105856 -0.0306515 -0.0306513 
-0.00550193 -0.563939 -0.00562929 -0.0928311 
0 0 0 0 
-0.598948 -0.0303502 -0.0305238 -0.0857772 
-0.121699 -0.030877 -0.0309289 -0.0308876 
-0.030872 -0.0308963 -0.0308787 -0.0308808 
-0.0309018 -0.0308751 -0.0309131 -0.0308417 
-0.030881 -0.122744 -0.0308347 -0.030835 
-0.0307187 -0.0306116 -0.600775 -0.0306253 
-0.0305913 -0.0305444 -0.612441 -0.0306081 
-0.0305552 -0.127114 -0.125759 -0.206066 
-0.000775155 -0.000755875 -0.610091 -0.000738942 
-0.000720489 -0.000836999 -0.279092 -0.000772428 
-0.0403779 -0.000899648 -0.000974089 -0.000932964 
-0.000928507 -0.118484 -0.000943098 -0.0899896 
-0.000188305 0 -0.810297 -7.397e-05 
-0.17003 -0.0137045 -0.013698 -0.0136823 
-0.0138118 -0.0137892 -0.0138737 -0.0137982 
-0.0139673 -0.0140217 -0.014064 -0.0139824 
-0.0141328 -0.184266 -0.014171 -0.0141226 
-0.000189578 -0.73383 0 0 
0 0 0 0 
-0.355348 -0.0538425 -0.0146534 -0.0146852 
-0.0254268 -0.829319 0 -0.000149375 
0 0 0 0 
0 0 0 0 
-0.577573 -0.0161005 -0.016085 -0.0161305 
-0.0162089 -0.0162739 -0.0162035 -0.0766355 
-0.0248678 -0.110421 -0.01649 -0.351794 
-0.000405483 -0.1086 -0.819694 -0.000138855 
-0.241374 0 -0.000241263 0 
0 0 0 0 
-0.348276 -0.01652 -0.0165829 -0.0337886 
-0.0165143 -0.0164898 -0.0164483 -0.549489 
-0.0164893 -0.0164484 -0.0164926 -0.0164581 
-0.0164545 -0.106105 -0.221864 -0.0164589 
-0.000227325 -0.000115546 -0.568469 0 
0 -6.49103e-05 -6.82555e-05 -0.000111893 
-6.49103e-05 0 -0.000135616 -0.68459 
-0.0667019 0 -9.56383e-05 -0.000109024 
-0.306282 -0.0288914 -0.0296154 -0.0886491 
-0.028945 -0.612441 -0.028912 -0.0288967 
0 0 0 0 
0 0 0 0 
-0.377435 -0.0302876 -0.208125 -0.128261 
-0.0302736 -0.0302519 -0.0302474 -0.030104 
-0.0302631 -0.0302635 -0.0302651 -0.0278199 
-0.022287 -0.0303237 -0.0303054 -0.0303175 
-0.0301535 -0.0304138 -0.0303799 -0.0303871 
-0.03048 -0.0305105 -0.0305529 -0.0304751 
-0.0305608 -0.0305213 -0.0305195 -0.030544 
-0.0304429 -0.760244 -0.0475396 -0.0305125 
0 0 0 0 
-0.749009 -0.0303774 -0.0302374 -0.0302466 
-0.193785 -0.0307915 -0.0308051 -0.0308157 
-0.0308206 -0.0307865 -0.0307803 -0.0307793 
-0.0307541 -0.0307831 -0.030804 -0.0307484 
-0.0307414 -0.030743 -0.0307347 -0.0307518 
-0.0306872 -0.0307386 -0.0307043 -0.0307083 
-0.0307694 -0.0880019 -0.128361 -0.105831 
-0.000973156 -0.000755918 -0.000892499 -0.757303 
-0.000743483 -0.000774144 -0.000771177 -0.120807 
-0.000781761 -0.000781549 -0.000801286 -0.106269 
-0.000842224 -0.0391943 -0.000887864 -0.000837772 
0 -0.000184108 -7.397e-05 -0.306546 
-0.121359 -0.0134329 -0.205029 -0.0134316 
-0.013516 -0.0135674 -0.0135989 -0.0135181 
-0.0136367 -0.113774 -0.0136259 -0.0136092 
-0.0138153 -0.013871 -0.0138489 -0.584449 
-0.0139796 -0.100999 -0.013988 -0.355348 
-0.000314669 -0.690083 -7.03448e-05 -8.03905e-05 
0 0 0 0 
-0.299538 -0.0145891 -0.0150842 -0.0145813 
-0.014523 -0.0256764 -0.196634 -0.014507 
-0.0143553 -0.0693662 -0.299538 -0.0142613 
-6.96413e-05 -0.00308987 -0.545977 -0.57528 
-0.109318 -0.17836 -0.0161404 -0.176272 
0 -0.723309 -0.000336322 -0.000230084 
0 0 0 0 
0 0 -0.000145233 0 
0 -0.176068 0 0 
0 0 -0.7188 0 
-0.182733 -0.348276 -0.000202645 0 
0 0 0 0 
-0.344793 -0.0164542 -0.0164226 -0.101993 
-0.0164205 -0.0512533 -0.016455 -0.0164669 
-0.00026348 0 -0.121991 0 
0 0 0 0 
0 0 0 0 
-0.318156 -0.15911 0 0 
-0.379743 0 -0.000142239 -0.000160248 
-0.068839 -0.0288802 -0.0289408 -0.028891 
-0.0288549 -0.563939 -0.563939 -0.0288479 
0 0 0 0 
-0.849873 -0.000172251 -7.54719e-05 0 
-0.208158 -0.0277691 -0.0301938 -0.0301453 
-0.0301625 -0.0301864 -0.0302179 -0.0281371 
-0.0302368 -0.0302625 -0.03024 -0.0220771 
-0.0290765 -0.0303289 -0.0302722 -0.0302825 
-0.0303765 -0.0304405 -0.0304185 -0.0303781 
-0.0304645 -0.0304825 -0.0304924 -0.0304179 
-0.0305602 -0.128427 -0.129808 -0.128446 
-0.0026101 -0.00279522 -0.377435 -0.742141 
-0.132132 -0.0303245 -0.0303101 -0.0303557 
-0.0414259 -0.0307079 -0.0307125 -0.0307041 
-0.0306976 -0.0306823 -0.0307457 -0.0306622 
-0.0306914 -0.0306718 -0.0307022 -0.0306871 
-0.0307064 -0.0307245 -0.0306724 -0.0307056 
-0.0307095 -0.03067 -0.030727 -0.0307328 
-0.0306763 -0.561295 -0.0417296 -0.127028 
0 0 0 0 
-0.836883 0 -0.00024804 -7.2498e-05 
-0.225635 0 -0.000249799 -0.000151519 
-0.0431718 -0.27279 -0.000843771 -0.118404 
0 -0.000114933 0 -0.928792 
-0.256477 -0.0134451 -0.0134461 -0.102866 
-0.013386 -0.0133676 -0.0134028 -0.0133701 
-0.0134376 -0.355348 -0.0134378 -0.0134051 
0 0 0 0 
0 0 0 0 
-0.299538 -0.0124857 -0.109868 -0.0124681 
-0.0514229 -0.0127199 -0.299538 -0.0126059 
-0.0271353 -0.0145312 -0.0145066 -0.299538 
-0.0144932 -0.014425 -0.0145044 -0.0144603 
-0.0142888 -0.299538 -0.0143325 -0.0252618 
0 0 0 0 
-0.7188 -0.000170149 0 -0.000256276 
-0.108199 -0.000184755 -0.000195684 -0.0001372 
0 -0.000148972 0 -9.03352e-05 
0 -6.82555e-05 -6.89449e-05 -9.03352e-05 
0 0 -6.82555e-05 0 
0 0 0 0 
0 0 0 0 
0 0 0 0 
-0.701205 0 -0.0005242 -0.337932 
-0.162172 -0.102905 -0.0164764 -0.10496 
0 -0.562235 0 -0.000114598 
0 0 0 0 
0 0 0 0 
0 0 0 0 
-0.188755 -0.0289682 -0.0404352 -0.0404352 
-0.0289637 -0.0289292 -0.0289459 -0.0289455 
-0.028983 -0.0289577 -0.176251 -0.0289835 
-0.0289928 -0.030365 -0.299538 -0.0289653 
-0.028987 -0.0300173 -0.170301 -0.0300115 
-0.0287322 -0.030095 -0.0301187 -0.0462711 
-0.028439 -0.030158 -0.0301623 -0.0450166 
-0.00602066 -0.0301952 -0.0301905 -0.030179 
-0.0170146 -0.0302115 -0.0302638 -0.030246 
-0.0261342 -0.0586861 -0.0303084 -0.0303052 
-0.0296219 -0.171382 -0.0303771 -0.0303348 
0 -0.849873 -0.000340796 -0.00040705 
0 0 0 0 
-0.377435 -0.030499 -0.0304084 -0.030427 
-0.0305746 -0.0306261 -0.030619 -0.030619 
-0.0306039 -0.0305978 -0.0305726 -0.030595 
-0.0306496 -0.0306633 -0.0306468 -0.030694 
-0.0306685 -0.030687 -0.0306882 -0.0306742 
-0.0307282 -0.0347077 -0.0307355 -0.130793 
-0.000122542 -0.610091 0 -0.0682505 
0 0 0 0 
0 0 -9.61499e-05 0 
0 -0.000164992 -0.0637971 -7.2498e-05 
-0.000152712 -0.5937 -0.000119963 0 
0 0 0 0 
-0.563362 -0.0131811 -0.0132914 -0.0131878 
-0.0132469 -0.0132083 -0.0132695 -0.0132255 
-0.0132107 -0.0132099 -0.0132668 -0.0495789 
-0.0130102 -0.0130108 -0.314975 -0.0130506 
-0.0128905 -0.0128092 -0.311825 -0.30562 
-0.0126325 -0.0126478 -0.0126341 -0.0310349 
-0.0125589 -0.299538 -0.0125781 -0.0125977 
0 0 0 0 
-0.299538 -0.0185024 -0.0144748 -0.0144262 
0 -0.195559 -0.000257168 -5.98956e-05 
0 0 -0.541073 0 
0 -0.000208069 -0.000187072 0 
-0.000121902 -0.0001165 -0.000151807 -0.00013789 
-0.00013789 -0.0001165 -9.03352e-05 -0.0001165 
-0.000170691 -6.89449e-05 0 -6.89449e-05 
-0.000105089 0 0 0 
0 0 0 0 
0 0 0 0 
0 0 0 0 
0 0 0 0 
-0.566232 -6.89449e-05 0 0 
-6.89449e-05 -6.75729e-05 -8.81203e-05 -6.75729e-05 
0 0 0 -0.337932 
0 0 0 0 
0 0 0 0 
-0.328247 0 -0.000115026 -0.149799 
-0.0688544 -0.0289533 -0.0289556 -0.188755 
-0.0289651 -0.0289333 -0.0289683 -0.149799 
-0.0289146 -0.0288864 -0.0289608 -0.305107 
-0.0636338 -0.127754 -0.0289459 -0.188755 
-0.000159649 -0.000101104 -0.00118956 -0.424566 
-0.104146 -0.0301733 -0.0301366 -0.306282 
-0.0301981 -0.0426739 -0.0301812 -0.188755 
-0.0301831 -0.030248 -0.0302169 -0.305107 
-0.0302326 -0.0302648 -0.0303037 -0.299534 
-0.0614552 -0.0308555 -0.0303833 -0.292929 
-0.0586234 -0.0429987 -0.208075 -0.303943 
-0.0429641 -0.0641812 -0.377435 -0.188755 
-0.0334925 -0.0304753 -0.0303586 -0.379459 
-0.104146 -0.0446035 -0.0306644 -0.188755 
-0.0305327 -0.0305711 -0.0305029 -0.379459 
-0.104146 -0.0306899 -0.0306945 -0.186868 
-0.0306916 -0.0306178 -0.0306534 -0.190662 
-0.0305352 -0.0636226 -0.0306209 -0.377991 
-0.000163151 -7.47172e-05 -7.54719e-05 -0.377991 
0 0 -0.373661 0 
0 0 0 0 
0 0 -7.2498e-05 0 
0 0 0 0 
0 -0.000162264 -0.517855 0 
-0.0842357 -0.0318028 -0.0132324 -0.154384 
-0.0131041 -0.0131021 -0.0131416 -0.26327 
-0.0130573 -0.0129969 -0.0131085 -0.277027 
-0.0129918 -0.308707 -0.0129446 -0.154384 
0 0 0 0 
-0.299538 -0.0124086 -0.0124147 -0.260051 
-0.0125248 -0.138544 -0.0125413 -0.149799 
0 -7.60393e-05 -0.513631 0 
-0.0824774 -0.0405343 -0.0144451 -0.149799 
-9.64458e-05 0 -5.98956e-05 -0.254736 
0 0 -6.89449e-05 0 
-6.89449e-05 0 0 -0.172431 
-0.0001165 0 0 0 
0 0 -9.03352e-05 0 
0 0 -6.89449e-05 0 
0 0 0 0 
0 0 0 0 
0 0 0 0 
0 0 0 0 
0 0 0 0 
0 0 0 0 
0 0 -6.75729e-05 0 
0 0 0 0 
0 0 0 0 
0 0 0 0 
