6 240 240 -1 60 60 -1 -1 -1 150 150 -1 -1 -1 -1 150 150 -1 -1 0 0
7 105 240 -1 195 60 -1 -1 -1 250 250 -1 -1 -1 -1 50 50 -1 -1 0 0
8 240 240 -1 60 60 -1 -1 -1 150 175 -1 -1 -1 -1 150 125 -1 -1 0 0
9 240 240 -1 60 60 -1 -1 -1 175 175 -1 -1 -1 -1 125 125 -1 -1 0 0
10 195 240 -1 105 60 -1 -1 -1 225 175 -1 -1 -1 -1 75 125 -1 -1 0 -45
11 195 195 -1 105 105 -1 -1 -1 225 175 -1 -1 -1 -1 75 125 -1 -1 0 -45
12 195 195 -1 105 105 -1 -1 -1 175 175 -1 -1 -1 -1 125 125 -1 -1 0 0
13 240 150 -1 60 150 -1 -1 -1 150 150 -1 -1 -1 -1 150 150 -1 -1 0 0
14 240 195 -1 60 105 -1 -1 -1 150 150 -1 -1 -1 -1 150 150 -1 -1 0 0
15 240 195 -1 60 105 -1 -1 -1 150 200 -1 -1 -1 -1 150 100 -1 -1 0 0
16 240 195 -1 60 105 -1 -1 -1 225 200 -1 -1 -1 -1 75 100 -1 -1 0 0
17 240 195 -1 60 105 -1 -1 -1 250 200 -1 -1 -1 -1 50 100 -1 -1 0 -45
18 150 195 -1 150 105 -1 -1 -1 250 200 -1 -1 -1 -1 50 100 -1 -1 0 -45
19 240 240 -1 105 60 -1 -1 -1 150 150 -1 -1 -1 -1 150 150 -1 -1 0 0
20 240 240 -1 60 60 -1 -1 -1 150 250 -1 -1 -1 -1 150 50 -1 -1 0 0
21 195 240 -1 60 60 -1 -1 -1 250 250 -1 -1 -1 -1 50 50 -1 -1 0 0
22 195 240 -1 60 60 -1 -1 -1 250 225 -1 -1 -1 -1 50 75 -1 -1 0 -45
23 240 195 -1 60 105 -1 -1 -1 150 225 -1 -1 -1 -1 150 75 -1 -1 0 0
24 105 195 -1 195 105 -1 -1 -1 150 225 -1 -1 -1 -1 150 75 -1 -1 0 0
25 60 195 -1 240 105 -1 -1 -1 150 225 -1 -1 -1 -1 150 75 -1 -1 0 0
26 60 195 -1 240 105 -1 -1 -1 200 225 -1 -1 -1 -1 100 75 -1 -1 0 0
27 240 240 -1 60 60 -1 -1 -1 150 225 -1 -1 -1 -1 150 75 -1 -1 0 0
28 240 240 -1 60 60 -1 -1 -1 225 225 -1 -1 -1 -1 75 75 -1 -1 0 0
29 240 240 -1 60 60 -1 -1 -1 250 225 -1 -1 -1 -1 50 75 -1 -1 0 -45
30 240 240 -1 60 60 -1 -1 -1 175 225 -1 -1 -1 -1 125 75 -1 -1 0 0
31 240 240 -1 60 60 -1 -1 -1 225 150 -1 -1 -1 -1 75 150 -1 -1 0 -45
32 240 240 -1 60 60 -1 -1 -1 175 150 -1 -1 -1 -1 125 150 -1 -1 0 0
33 195 240 -1 105 60 -1 -1 -1 175 150 -1 -1 -1 -1 125 150 -1 -1 0 0
34 195 195 -1 105 105 -1 -1 -1 175 150 -1 -1 -1 -1 125 150 -1 -1 0 0
35 195 195 -1 105 105 -1 -1 -1 200 150 -1 -1 -1 -1 100 150 -1 -1 0 0
36 195 240 -1 105 60 -1 -1 -1 225 150 -1 -1 -1 -1 75 150 -1 -1 0 -45
37 240 105 -1 60 195 -1 -1 -1 150 150 -1 -1 -1 -1 150 150 -1 -1 0 0
38 105 105 -1 195 195 -1 -1 -1 150 150 -1 -1 -1 -1 150 150 -1 -1 0 0
39 60 105 -1 240 195 -1 -1 -1 150 150 -1 -1 -1 -1 150 150 -1 -1 0 0
40 240 240 -1 60 60 -1 -1 -1 200 150 -1 -1 -1 -1 100 150 -1 -1 0 0
41 240 150 -1 60 150 -1 -1 -1 200 150 -1 -1 -1 -1 100 150 -1 -1 0 0
42 195 150 -1 105 150 -1 -1 -1 200 150 -1 -1 -1 -1 100 150 -1 -1 0 0
43 195 195 -1 105 105 -1 -1 -1 200 250 -1 -1 -1 -1 100 50 -1 -1 0 0
44 195 195 -1 105 105 -1 -1 -1 200 200 -1 -1 -1 -1 100 100 -1 -1 0 0
45 195 240 -1 105 60 -1 -1 -1 225 225 -1 -1 -1 -1 75 75 -1 -1 0 0
46 195 240 -1 105 60 -1 -1 -1 225 250 -1 -1 -1 -1 75 50 -1 -1 0 0
47 240 105 -1 60 195 -1 -1 -1 150 200 -1 -1 -1 -1 150 100 -1 -1 0 0
48 240 105 -1 60 195 -1 -1 -1 250 200 -1 -1 -1 -1 50 100 -1 -1 0 -45
49 195 105 -1 105 195 -1 -1 -1 250 200 -1 -1 -1 -1 50 100 -1 -1 0 -45
50 195 105 -1 105 195 -1 -1 -1 200 200 -1 -1 -1 -1 100 100 -1 -1 0 0
51 240 195 -1 60 105 -1 -1 -1 150 250 -1 -1 -1 -1 150 50 -1 -1 0 0
52 240 195 -1 60 105 -1 -1 -1 225 150 -1 -1 -1 -1 75 150 -1 -1 0 -45
53 240 195 -1 60 105 -1 -1 -1 250 150 -1 -1 -1 -1 50 150 -1 -1 0 -45
54 240 195 -1 60 105 -1 -1 -1 175 150 -1 -1 -1 -1 125 150 -1 -1 0 0
55 240 150 -1 60 150 -1 -1 -1 200 175 -1 -1 -1 -1 100 125 -1 -1 0 0
56 240 150 -1 60 150 -1 -1 -1 200 225 -1 -1 -1 -1 100 75 -1 -1 0 0
57 240 150 -1 60 150 -1 -1 -1 150 200 -1 -1 -1 -1 150 100 -1 -1 0 0
58 240 150 -1 60 150 -1 -1 -1 150 175 -1 -1 -1 -1 150 125 -1 -1 0 0
59 195 150 -1 105 150 -1 -1 -1 150 175 -1 -1 -1 -1 150 125 -1 -1 0 0
60 240 150 -1 60 150 -1 -1 -1 150 250 -1 -1 -1 -1 150 50 -1 -1 0 0
61 240 195 -1 60 105 -1 -1 -1 175 250 -1 -1 -1 -1 125 50 -1 -1 0 0
62 240 240 -1 60 60 -1 -1 -1 250 150 -1 -1 -1 -1 50 150 -1 -1 0 -45
63 240 105 -1 60 195 -1 -1 -1 250 150 -1 -1 -1 -1 50 150 -1 -1 0 -45
64 240 105 -1 60 195 -1 -1 -1 175 150 -1 -1 -1 -1 125 150 -1 -1 0 0
65 195 240 -1 105 60 -1 -1 -1 200 150 -1 -1 -1 -1 100 150 -1 -1 0 0
66 195 240 -1 105 60 -1 -1 -1 200 150 -1 -1 -1 -1 100 150 -1 -1 0 -45
67 240 240 -1 105 60 -1 -1 -1 250 150 -1 -1 -1 -1 50 150 -1 -1 0 -45
68 240 150 -1 105 150 -1 -1 -1 250 150 -1 -1 -1 -1 50 150 -1 -1 0 -45
69 240 150 -1 105 150 -1 -1 -1 175 150 -1 -1 -1 -1 125 150 -1 -1 0 0
70 240 150 -1 60 150 -1 -1 -1 175 175 -1 -1 -1 -1 125 125 -1 -1 0 0
71 240 150 -1 60 150 -1 -1 -1 150 225 -1 -1 -1 -1 150 75 -1 -1 0 0
72 240 150 -1 60 150 -1 -1 -1 175 225 -1 -1 -1 -1 125 75 -1 -1 0 0
73 240 150 -1 60 150 -1 -1 -1 200 250 -1 -1 -1 -1 100 50 -1 -1 0 0
74 240 105 -1 60 195 -1 -1 -1 150 225 -1 -1 -1 -1 150 75 -1 -1 0 0
75 195 195 -1 105 105 -1 -1 -1 150 150 -1 -1 -1 -1 150 150 -1 -1 0 0
76 195 195 -1 60 105 -1 -1 -1 150 225 -1 -1 -1 -1 150 75 -1 -1 0 0
77 240 150 -1 60 150 -1 -1 -1 225 150 -1 -1 -1 -1 75 150 -1 -1 0 -45
78 240 150 -1 60 150 -1 -1 -1 175 150 -1 -1 -1 -1 125 150 -1 -1 0 0
79 240 240 -1 60 60 -1 -1 -1 175 250 -1 -1 -1 -1 125 50 -1 -1 0 0
80 240 240 -1 60 60 -1 -1 -1 150 200 -1 -1 -1 -1 150 100 -1 -1 0 0
81 240 240 -1 60 60 -1 -1 -1 225 150 -1 -1 -1 -1 75 150 -1 -1 0 0
82 195 240 -1 105 60 -1 -1 -1 225 150 -1 -1 -1 -1 75 150 -1 -1 0 0
83 240 240 -1 60 60 -1 -1 -1 150 150 -1 -1 -1 -1 125 125 -1 -1 0 0
84 240 240 -1 60 60 -1 -1 -1 150 200 -1 -1 -1 -1 125 100 -1 -1 0 0
85 240 240 -1 60 60 -1 -1 -1 150 250 -1 -1 -1 -1 125 50 -1 -1 0 0
86 105 195 -1 60 105 -1 -1 -1 150 225 -1 -1 -1 -1 150 75 -1 -1 0 0
87 240 240 -1 60 60 -1 -1 -1 200 200 -1 -1 -1 -1 100 100 -1 -1 0 45
88 240 240 -1 60 60 -1 -1 -1 150 200 -1 -1 -1 -1 150 100 -1 -1 0 45
89 240 240 -1 60 60 -1 -1 -1 200 200 -1 -1 -1 -1 100 100 -1 -1 -45 0
90 240 240 -1 60 60 -1 -1 -1 225 200 -1 -1 -1 -1 75 100 -1 -1 0 0
91 240 240 -1 60 60 -1 -1 -1 200 250 -1 -1 -1 -1 100 50 -1 -1 0 0
92 240 195 -1 60 105 -1 -1 -1 200 250 -1 -1 -1 -1 100 50 -1 -1 0 0
93 150 195 -1 150 105 -1 -1 -1 200 250 -1 -1 -1 -1 100 50 -1 -1 0 0
94 240 240 -1 60 60 -1 -1 -1 225 250 -1 -1 -1 -1 75 50 -1 -1 0 0
95 240 240 -1 60 60 -1 -1 -1 250 250 -1 -1 -1 -1 50 50 -1 -1 0 0
96 150 240 -1 150 60 -1 -1 -1 250 250 -1 -1 -1 -1 50 50 -1 -1 0 -45
97 150 195 -1 150 105 -1 -1 -1 250 250 -1 -1 -1 -1 50 50 -1 -1 0 0
98 150 240 -1 150 60 -1 -1 -1 200 150 -1 -1 -1 -1 100 150 -1 -1 -90 0
99 150 240 -1 150 60 -1 -1 -1 200 225 -1 -1 -1 -1 100 75 -1 -1 0 0
100 240 195 -1 60 105 -1 -1 -1 200 150 -1 -1 -1 -1 100 150 -1 -1 0 0
101 240 105 -1 60 195 -1 -1 -1 150 250 -1 -1 -1 -1 150 50 -1 -1 0 0
102 105 105 -1 195 195 -1 -1 -1 150 200 -1 -1 -1 -1 150 100 -1 -1 0 0
103 105 240 -1 195 60 -1 -1 -1 150 200 -1 -1 -1 -1 150 100 -1 -1 0 0
104 105 240 -1 195 60 -1 -1 -1 175 200 -1 -1 -1 -1 125 100 -1 -1 0 0
105 195 240 -1 60 60 -1 -1 -1 150 250 -1 -1 -1 -1 150 50 -1 -1 0 0
106 195 240 -1 105 60 -1 -1 -1 175 150 -1 -1 -1 -1 150 150 -1 -1 0 0
107 195 240 -1 105 60 -1 -1 -1 200 250 -1 -1 -1 -1 100 50 -1 -1 0 0
108 150 240 -1 60 60 -1 -1 -1 150 150 -1 -1 -1 -1 150 150 -1 -1 -45 0
109 240 105 -1 60 195 -1 -1 -1 200 225 -1 -1 -1 -1 100 75 -1 -1 0 0
110 195 195 -1 105 105 -1 -1 -1 225 150 -1 -1 -1 -1 75 150 -1 -1 0 -45
111 150 195 -1 150 105 -1 -1 -1 225 150 -1 -1 -1 -1 75 150 -1 -1 0 -45
112 105 150 -1 195 150 -1 -1 -1 150 150 -1 -1 -1 -1 150 150 -1 -1 0 0
113 105 150 -1 195 150 -1 -1 -1 225 150 -1 -1 -1 -1 75 150 -1 -1 0 -45
114 105 195 -1 195 105 -1 -1 -1 225 150 -1 -1 -1 -1 75 150 -1 -1 0 -45
115 105 195 -1 195 105 -1 -1 -1 225 175 -1 -1 -1 -1 75 125 -1 -1 0 -45
116 150 150 -1 150 150 -1 -1 -1 150 250 -1 -1 -1 -1 150 50 -1 -1 0 0
117 60 150 -1 240 150 -1 -1 -1 150 250 -1 -1 -1 -1 150 50 -1 -1 0 0
118 60 150 -1 240 150 -1 -1 -1 175 250 -1 -1 -1 -1 125 50 -1 -1 0 0
119 240 240 -1 60 60 -1 -1 -1 250 175 -1 -1 -1 -1 50 125 -1 -1 0 -45
120 195 240 -1 60 60 -1 -1 -1 150 150 -1 -1 -1 -1 150 150 -1 -1 0 0
121 195 150 -1 60 150 -1 -1 -1 150 150 -1 -1 -1 -1 150 150 -1 -1 0 0
122 195 195 -1 60 105 -1 -1 -1 150 150 -1 -1 -1 -1 150 150 -1 -1 0 0
123 240 195 -1 60 105 -1 -1 -1 200 225 -1 -1 -1 -1 100 75 -1 -1 0 0
124 195 240 -1 105 60 -1 -1 -1 250 150 -1 -1 -1 -1 50 150 -1 -1 0 -45
125 195 105 -1 105 195 -1 -1 -1 150 150 -1 -1 -1 -1 150 150 -1 -1 0 0
126 60 105 -1 240 195 -1 -1 -1 250 150 -1 -1 -1 -1 50 150 -1 -1 0 -45
127 240 195 -1 60 105 -1 -1 -1 150 175 -1 -1 -1 -1 150 125 -1 -1 0 0
128 240 105 -1 60 195 -1 -1 -1 150 175 -1 -1 -1 -1 150 125 -1 -1 0 0
129 195 195 -1 105 105 -1 -1 -1 250 150 -1 -1 -1 -1 50 150 -1 -1 0 -45
130 195 195 -1 105 105 -1 -1 -1 250 200 -1 -1 -1 -1 50 100 -1 -1 0 -45
131 105 195 -1 195 105 -1 -1 -1 250 200 -1 -1 -1 -1 50 100 -1 -1 0 -45
132 105 150 -1 195 150 -1 -1 -1 250 200 -1 -1 -1 -1 50 100 -1 -1 0 -45
133 195 240 -1 60 60 -1 -1 -1 250 175 -1 -1 -1 -1 50 125 -1 -1 0 -45
134 195 195 -1 60 105 -1 -1 -1 250 175 -1 -1 -1 -1 50 125 -1 -1 0 -45
135 240 105 -1 60 195 -1 -1 -1 175 200 -1 -1 -1 -1 125 100 -1 -1 0 0
136 150 150 -1 150 150 -1 -1 -1 150 150 -1 -1 -1 -1 150 150 -1 -1 0 0
137 150 150 -1 150 150 -1 -1 -1 225 150 -1 -1 -1 -1 75 150 -1 -1 0 -45
138 150 150 -1 150 150 -1 -1 -1 225 250 -1 -1 -1 -1 75 50 -1 -1 0 0
139 240 240 -1 60 60 -1 -1 -1 250 150 -1 -1 -1 -1 50 125 -1 -1 0 -45
140 150 240 -1 150 60 -1 -1 -1 250 175 -1 -1 -1 -1 50 125 -1 -1 0 -45
141 195 105 -1 105 195 -1 -1 -1 150 225 -1 -1 -1 -1 150 75 -1 -1 0 0
142 195 105 -1 105 195 -1 -1 -1 250 225 -1 -1 -1 -1 50 75 -1 -1 0 -45
143 195 195 -1 105 105 -1 -1 -1 250 225 -1 -1 -1 -1 50 75 -1 -1 0 -45
144 105 240 -1 195 60 -1 -1 -1 250 150 -1 -1 -1 -1 50 150 -1 -1 0 -90
145 105 240 -1 195 60 -1 -1 -1 250 150 -1 -1 -1 -1 50 150 -1 -1 0 0
146 105 150 -1 195 150 -1 -1 -1 250 150 -1 -1 -1 -1 50 150 -1 -1 0 -45
147 240 240 -1 60 60 -1 -1 -1 200 250 -1 -1 -1 -1 125 50 -1 -1 0 0
148 195 240 -1 105 60 -1 -1 -1 200 250 -1 -1 -1 -1 125 50 -1 -1 0 0
149 195 105 -1 105 195 -1 -1 -1 150 250 -1 -1 -1 -1 150 50 -1 -1 0 0
150 240 240 -1 60 60 -1 -1 -1 200 200 -1 -1 -1 -1 100 100 -1 -1 0 0
151 240 150 -1 60 150 -1 -1 -1 200 200 -1 -1 -1 -1 100 100 -1 -1 0 0
152 240 150 -1 60 195 -1 -1 -1 225 150 -1 -1 -1 -1 75 150 -1 -1 0 -45
153 240 240 -1 60 60 -1 -1 -1 250 200 -1 -1 -1 -1 50 100 -1 -1 0 -45
154 240 195 -1 60 105 -1 -1 -1 250 175 -1 -1 -1 -1 50 125 -1 -1 0 -45
155 60 195 -1 240 105 -1 -1 -1 150 150 -1 -1 -1 -1 150 150 -1 -1 0 0
156 240 240 -1 60 60 -1 -1 -1 200 150 -1 -1 -1 -1 75 150 -1 -1 0 -45
157 105 240 -1 195 60 -1 -1 -1 225 150 -1 -1 -1 -1 75 150 -1 -1 0 0
158 105 240 -1 195 60 -1 -1 -1 200 200 -1 -1 -1 -1 75 100 -1 -1 0 0
159 195 195 -1 60 105 -1 -1 -1 150 200 -1 -1 -1 -1 150 100 -1 -1 0 0
160 150 150 -1 150 150 -1 -1 -1 150 200 -1 -1 -1 -1 150 100 -1 -1 0 0
161 150 150 -1 150 150 -1 -1 -1 200 150 -1 -1 -1 -1 100 150 -1 -1 0 0
162 150 150 -1 150 150 -1 -1 -1 150 175 -1 -1 -1 -1 150 125 -1 -1 0 0
163 150 105 -1 150 195 -1 -1 -1 150 175 -1 -1 -1 -1 150 125 -1 -1 0 0
164 240 150 -1 60 150 -1 -1 -1 225 250 -1 -1 -1 -1 75 50 -1 -1 0 0
165 240 240 -1 60 60 -1 -1 -1 200 225 -1 -1 -1 -1 100 75 -1 -1 0 0
166 240 150 -1 60 150 -1 -1 -1 225 225 -1 -1 -1 -1 75 75 -1 -1 0 0
167 150 150 -1 150 150 -1 -1 -1 225 225 -1 -1 -1 -1 75 75 -1 -1 0 0
168 150 60 -1 150 240 -1 -1 -1 225 225 -1 -1 -1 -1 75 75 -1 -1 0 0
169 240 240 -1 60 60 -1 -1 -1 200 175 -1 -1 -1 -1 100 125 -1 -1 0 0
170 150 240 -1 150 60 -1 -1 -1 250 150 -1 -1 -1 -1 50 150 -1 -1 0 -45
171 240 150 -1 105 150 -1 -1 -1 150 150 -1 -1 -1 -1 150 150 -1 -1 0 0
172 195 150 -1 105 150 -1 -1 -1 150 150 -1 -1 -1 -1 150 150 -1 -1 0 0
173 240 150 -1 60 150 -1 -1 -1 175 200 -1 -1 -1 -1 125 100 -1 -1 0 0
174 195 195 -1 60 105 -1 -1 -1 150 250 -1 -1 -1 -1 150 50 -1 -1 0 0
175 195 195 -1 60 105 -1 -1 -1 250 250 -1 -1 -1 -1 50 50 -1 -1 0 0
176 240 105 -1 60 195 -1 -1 -1 225 150 -1 -1 -1 -1 75 150 -1 -1 0 -45
177 60 195 -1 240 105 -1 -1 -1 250 200 -1 -1 -1 -1 50 100 -1 -1 0 -45
178 60 195 -1 240 105 -1 -1 -1 200 200 -1 -1 -1 -1 100 100 -1 -1 0 0
179 150 105 -1 150 195 -1 -1 -1 150 150 -1 -1 -1 -1 150 150 -1 -1 0 0
180 150 195 -1 150 105 -1 -1 -1 150 150 -1 -1 -1 -1 150 150 -1 -1 0 0
181 240 105 -1 60 195 -1 -1 -1 225 175 -1 -1 -1 -1 75 125 -1 -1 0 -45
182 240 105 -1 60 195 -1 -1 -1 200 175 -1 -1 -1 -1 100 125 -1 -1 0 0
183 240 105 -1 60 195 -1 -1 -1 200 250 -1 -1 -1 -1 100 50 -1 -1 0 0
184 105 105 -1 240 195 -1 -1 -1 150 225 -1 -1 -1 -1 150 75 -1 -1 0 0
185 195 105 -1 105 195 -1 -1 -1 250 250 -1 -1 -1 -1 50 50 -1 -1 0 0
186 105 105 -1 195 195 -1 -1 -1 250 250 -1 -1 -1 -1 50 50 -1 -1 0 0
187 105 105 -1 195 195 -1 -1 -1 250 225 -1 -1 -1 -1 50 75 -1 -1 0 -45
188 105 195 -1 60 105 -1 -1 -1 150 150 -1 -1 -1 -1 150 150 -1 -1 0 0
189 195 195 -1 105 105 -1 -1 -1 150 250 -1 -1 -1 -1 150 50 -1 -1 0 0
190 60 195 -1 195 105 -1 -1 -1 150 175 -1 -1 -1 -1 150 125 -1 -1 0 0
191 60 60 -1 195 240 -1 -1 -1 150 175 -1 -1 -1 -1 150 125 -1 -1 0 0
192 60 105 -1 240 195 -1 -1 -1 225 150 -1 -1 -1 -1 75 150 -1 -1 0 -45
193 60 105 -1 240 195 -1 -1 -1 225 250 -1 -1 -1 -1 75 50 -1 -1 0 0
194 240 105 -1 60 195 -1 -1 -1 200 225 -1 -1 -1 -1 150 75 -1 -1 0 0
195 240 105 -1 60 195 -1 -1 -1 175 225 -1 -1 -1 -1 125 75 -1 -1 0 0
196 195 105 -1 105 195 -1 -1 -1 200 250 -1 -1 -1 -1 100 50 -1 -1 0 0
197 240 240 -1 105 105 -1 -1 -1 150 150 -1 -1 -1 -1 150 150 -1 -1 0 0
198 195 105 -1 60 195 -1 -1 -1 200 150 -1 -1 -1 -1 100 150 -1 -1 0 0
199 195 105 -1 60 195 -1 -1 -1 200 225 -1 -1 -1 -1 100 75 -1 -1 0 0
200 105 105 -1 195 195 -1 -1 -1 200 225 -1 -1 -1 -1 100 75 -1 -1 0 0
201 240 150 -1 60 150 -1 -1 -1 250 150 -1 -1 -1 -1 50 150 -1 -1 0 -45
202 60 150 -1 240 150 -1 -1 -1 250 150 -1 -1 -1 -1 50 150 -1 -1 0 -45
203 240 150 -1 60 150 -1 -1 -1 250 250 -1 -1 -1 -1 50 50 -1 -1 0 0
204 60 150 -1 240 150 -1 -1 -1 250 250 -1 -1 -1 -1 50 50 -1 -1 0 0
205 240 150 -1 60 150 -1 -1 -1 225 200 -1 -1 -1 -1 75 100 -1 -1 0 0
206 60 150 -1 240 150 -1 -1 -1 225 200 -1 -1 -1 -1 75 100 -1 -1 0 0
207 105 240 -1 195 60 -1 -1 -1 250 200 -1 -1 -1 -1 50 100 -1 -1 0 -90
208 150 240 -1 60 60 -1 -1 -1 200 225 -1 -1 -1 -1 100 75 -1 -1 0 0
209 240 240 -1 60 60 -1 -1 -1 150 225 -1 -1 -1 -1 125 75 -1 -1 -45 0
210 240 240 -1 60 60 -1 -1 -1 250 225 -1 -1 -1 -1 50 75 -1 -1 0 0
211 240 240 -1 60 60 -1 -1 -1 250 200 -1 -1 -1 -1 50 100 -1 -1 0 0
212 195 240 -1 105 60 -1 -1 -1 250 150 -1 -1 -1 -1 50 150 -1 -1 0 0
213 195 240 -1 105 60 -1 -1 -1 150 150 -1 -1 -1 -1 150 150 -1 -1 0 0
214 150 240 -1 60 60 -1 -1 -1 175 225 -1 -1 -1 -1 125 75 -1 -1 0 0
215 150 195 -1 60 105 -1 -1 -1 175 225 -1 -1 -1 -1 125 75 -1 -1 0 0
216 105 240 -1 60 60 -1 -1 -1 200 150 -1 -1 -1 -1 100 150 -1 -1 0 0
217 105 240 -1 60 60 -1 -1 -1 200 225 -1 -1 -1 -1 100 75 -1 -1 0 0
218 105 240 -1 60 60 -1 -1 -1 175 225 -1 -1 -1 -1 125 75 -1 -1 0 0
219 105 240 -1 195 60 -1 -1 -1 150 150 -1 -1 -1 -1 150 150 -1 -1 0 0
220 105 240 -1 195 60 -1 -1 -1 150 225 -1 -1 -1 -1 150 75 -1 -1 0 0
221 105 240 -1 195 60 -1 -1 -1 225 225 -1 -1 -1 -1 75 75 -1 -1 0 0
222 240 240 -1 60 60 -1 -1 -1 250 150 -1 -1 -1 -1 50 150 -1 -1 0 0
223 240 195 -1 60 105 -1 -1 -1 200 200 -1 -1 -1 -1 100 100 -1 -1 0 0
224 240 195 -1 60 105 -1 -1 -1 250 200 -1 -1 -1 -1 50 100 -1 -1 0 0
225 240 150 -1 60 150 -1 -1 -1 175 250 -1 -1 -1 -1 125 50 -1 -1 0 0
226 195 150 -1 105 150 -1 -1 -1 175 250 -1 -1 -1 -1 125 50 -1 -1 0 0
227 240 150 -1 60 150 -1 -1 -1 225 150 -1 -1 -1 -1 75 150 -1 -1 0 0
228 195 240 -1 105 60 -1 -1 -1 225 175 -1 -1 -1 -1 75 125 -1 -1 0 0
229 240 195 -1 60 105 -1 -1 -1 175 225 -1 -1 -1 -1 125 75 -1 -1 0 0
230 240 105 -1 60 195 -1 -1 -1 175 250 -1 -1 -1 -1 125 50 -1 -1 0 0
231 105 105 -1 195 195 -1 -1 -1 175 250 -1 -1 -1 -1 125 50 -1 -1 0 0
232 105 105 -1 195 195 -1 -1 -1 175 225 -1 -1 -1 -1 125 75 -1 -1 0 0
233 195 60 -1 105 240 -1 -1 -1 150 150 -1 -1 -1 -1 150 150 -1 -1 0 0
234 195 195 -1 105 105 -1 -1 -1 225 150 -1 -1 -1 -1 75 150 -1 -1 0 0
235 150 105 -1 150 195 -1 -1 -1 150 250 -1 -1 -1 -1 150 50 -1 -1 0 0
236 195 240 -1 60 60 -1 -1 -1 200 150 -1 -1 -1 -1 100 150 -1 -1 0 0
237 240 240 -1 60 60 -1 -1 -1 150 175 -1 -1 -1 -1 150 125 -1 -1 0 -45
238 240 240 -1 60 60 -1 -1 -1 200 175 -1 -1 -1 -1 75 125 -1 -1 0 -45
239 240 240 -1 60 60 -1 -1 -1 200 250 -1 -1 -1 -1 75 50 -1 -1 0 0
240 240 240 -1 60 60 -1 -1 -1 200 225 -1 -1 -1 -1 75 75 -1 -1 0 0
241 105 105 -1 195 195 -1 -1 -1 150 225 -1 -1 -1 -1 150 75 -1 -1 0 0
242 105 60 -1 195 240 -1 -1 -1 150 225 -1 -1 -1 -1 150 75 -1 -1 0 0
243 105 60 -1 195 240 -1 -1 -1 150 200 -1 -1 -1 -1 150 100 -1 -1 0 0
244 150 195 -1 150 105 -1 -1 -1 200 150 -1 -1 -1 -1 100 150 -1 -1 0 -45
245 240 195 -1 60 105 -1 -1 -1 250 250 -1 -1 -1 -1 50 50 -1 -1 0 0
246 60 150 -1 240 150 -1 -1 -1 150 150 -1 -1 -1 -1 150 150 -1 -1 0 0
247 195 195 -1 105 105 -1 -1 -1 200 225 -1 -1 -1 -1 100 75 -1 -1 0 0
248 195 195 -1 105 105 -1 -1 -1 200 175 -1 -1 -1 -1 100 125 -1 -1 0 0
249 60 150 -1 240 150 -1 -1 -1 200 150 -1 -1 -1 -1 100 150 -1 -1 0 0
250 105 150 -1 195 150 -1 -1 -1 200 150 -1 -1 -1 -1 100 150 -1 -1 0 0
251 195 150 -1 60 150 -1 -1 -1 150 175 -1 -1 -1 -1 150 125 -1 -1 0 0
252 105 150 -1 195 150 -1 -1 -1 150 175 -1 -1 -1 -1 150 125 -1 -1 0 0
253 105 60 -1 195 240 -1 -1 -1 150 175 -1 -1 -1 -1 150 125 -1 -1 0 0
254 60 105 -1 240 195 -1 -1 -1 150 200 -1 -1 -1 -1 150 100 -1 -1 0 0
255 60 105 -1 240 195 -1 -1 -1 200 200 -1 -1 -1 -1 100 100 -1 -1 0 0
256 150 195 -1 60 105 -1 -1 -1 150 150 -1 -1 -1 -1 150 150 -1 -1 0 0
257 150 150 -1 60 105 -1 -1 -1 150 250 -1 -1 -1 -1 150 50 -1 -1 0 0
258 195 150 -1 105 105 -1 -1 -1 150 250 -1 -1 -1 -1 150 50 -1 -1 0 0
259 105 195 -1 105 105 -1 -1 -1 175 150 -1 -1 -1 -1 125 150 -1 -1 0 0
260 195 150 -1 105 150 -1 -1 -1 250 150 -1 -1 -1 -1 50 150 -1 -1 0 -45
261 195 195 -1 105 105 -1 -1 -1 250 250 -1 -1 -1 -1 50 50 -1 -1 0 0
262 240 195 -1 60 105 -1 -1 -1 250 150 -1 -1 -1 -1 50 125 -1 -1 0 -45
263 60 195 -1 195 105 -1 -1 -1 250 250 -1 -1 -1 -1 50 50 -1 -1 0 0
264 60 195 -1 240 105 -1 -1 -1 150 250 -1 -1 -1 -1 150 50 -1 -1 0 0
265 240 240 -1 105 60 -1 -1 -1 225 150 -1 -1 -1 -1 75 150 -1 -1 0 -45
266 240 150 -1 60 195 -1 -1 -1 150 150 -1 -1 -1 -1 150 150 -1 -1 0 0
267 240 105 -1 60 195 -1 -1 -1 200 200 -1 -1 -1 -1 100 100 -1 -1 0 0
268 240 105 -1 60 195 -1 -1 -1 225 200 -1 -1 -1 -1 75 100 -1 -1 0 0
269 195 60 -1 105 105 -1 -1 -1 150 150 -1 -1 -1 -1 150 150 -1 -1 0 0
270 195 60 -1 60 105 -1 -1 -1 150 150 -1 -1 -1 -1 150 150 -1 -1 0 0
271 195 240 -1 105 60 -1 -1 -1 200 175 -1 -1 -1 -1 100 125 -1 -1 0 0
272 240 240 -1 60 60 -1 -1 -1 175 175 -1 -1 -1 -1 125 100 -1 -1 0 0
273 240 105 -1 60 195 -1 -1 -1 250 175 -1 -1 -1 -1 50 125 -1 -1 0 -45
274 195 150 -1 105 150 -1 -1 -1 250 175 -1 -1 -1 -1 50 125 -1 -1 0 -45
275 195 150 -1 105 150 -1 -1 -1 150 200 -1 -1 -1 -1 150 100 -1 -1 0 0
276 195 150 -1 105 150 -1 -1 -1 200 200 -1 -1 -1 -1 100 100 -1 -1 0 0
277 195 150 -1 105 150 -1 -1 -1 175 200 -1 -1 -1 -1 125 100 -1 -1 0 0
278 195 150 -1 105 150 -1 -1 -1 225 150 -1 -1 -1 -1 75 150 -1 -1 0 -45
279 150 150 -1 150 150 -1 -1 -1 250 150 -1 -1 -1 -1 50 150 -1 -1 0 -45
280 150 195 -1 150 105 -1 -1 -1 250 150 -1 -1 -1 -1 50 150 -1 -1 0 -45
281 105 150 -1 240 150 -1 -1 -1 150 250 -1 -1 -1 -1 150 50 -1 -1 0 0
282 60 150 -1 240 150 -1 -1 -1 150 200 -1 -1 -1 -1 150 100 -1 -1 0 0
283 195 105 -1 105 195 -1 -1 -1 175 250 -1 -1 -1 -1 125 50 -1 -1 0 0
284 195 60 -1 105 240 -1 -1 -1 175 250 -1 -1 -1 -1 125 50 -1 -1 0 0
285 195 150 -1 105 195 -1 -1 -1 200 150 -1 -1 -1 -1 100 150 -1 -1 0 0
286 60 150 -1 240 195 -1 -1 -1 200 150 -1 -1 -1 -1 100 150 -1 -1 0 0
287 60 150 -1 240 195 -1 -1 -1 200 175 -1 -1 -1 -1 100 125 -1 -1 0 0
288 60 150 -1 240 195 -1 -1 -1 200 250 -1 -1 -1 -1 100 50 -1 -1 0 0
289 60 195 -1 60 105 -1 -1 -1 225 150 -1 -1 -1 -1 75 125 -1 -1 0 -45
290 60 195 -1 60 105 -1 -1 -1 225 250 -1 -1 -1 -1 75 50 -1 -1 0 0
291 105 105 -1 195 195 -1 -1 -1 225 150 -1 -1 -1 -1 75 150 -1 -1 0 -45
292 240 240 -1 60 60 -1 -1 -1 225 175 -1 -1 -1 -1 75 125 -1 -1 0 -45
293 240 195 -1 60 105 -1 -1 -1 225 175 -1 -1 -1 -1 75 125 -1 -1 0 -45
294 195 240 -1 105 60 -1 -1 -1 200 225 -1 -1 -1 -1 100 75 -1 -1 0 0
295 195 240 -1 105 60 -1 -1 -1 150 225 -1 -1 -1 -1 150 75 -1 -1 0 0
296 240 240 -1 60 60 -1 -1 -1 150 175 -1 -1 -1 -1 125 125 -1 -1 0 0
297 240 195 -1 60 105 -1 -1 -1 225 250 -1 -1 -1 -1 75 50 -1 -1 0 0
298 105 150 -1 195 150 -1 -1 -1 225 250 -1 -1 -1 -1 75 50 -1 -1 0 0
299 240 105 -1 60 195 -1 -1 -1 200 150 -1 -1 -1 -1 100 150 -1 -1 0 0
300 195 105 -1 105 195 -1 -1 -1 175 150 -1 -1 -1 -1 125 150 -1 -1 0 0
301 195 105 -1 105 195 -1 -1 -1 250 150 -1 -1 -1 -1 50 150 -1 -1 0 -45
